# seed=7 sizes=1,5,10,15,20
1	0	17
1	1	19
1	2	2
1	3	14
1	4	4
1	5	2
1	6	19
1	7	5
1	8	19
1	9	1
1	10	7
1	11	8
1	12	13
1	13	9
1	14	4
1	15	6
1	16	14
1	17	11
1	18	5
1	19	15
1	20	17
1	21	9
1	22	3
1	23	11
1	24	7
1	25	19
1	26	11
1	27	3
1	28	2
1	29	12
1	30	13
1	31	14
1	32	17
1	33	6
1	34	2
1	35	19
1	36	8
1	37	8
1	38	16
1	39	13
1	40	1
1	41	18
1	42	14
1	43	9
1	44	0
1	45	9
1	46	4
1	47	19
1	48	0
1	49	10
1	50	13
1	51	8
1	52	5
1	53	14
1	54	14
1	55	6
1	56	17
1	57	9
1	58	17
1	59	5
1	60	10
1	61	17
1	62	14
1	63	15
1	64	9
1	65	12
1	66	12
1	67	0
1	68	4
1	69	10
1	70	11
1	71	17
1	72	19
1	73	9
1	74	4
1	75	8
1	76	5
1	77	18
1	78	0
1	79	7
1	80	9
1	81	18
1	82	18
1	83	3
1	84	3
1	85	15
1	86	7
1	87	15
1	88	7
1	89	15
1	90	2
1	91	6
1	92	9
1	93	7
1	94	12
1	95	14
1	96	15
1	97	17
1	98	7
1	99	14
1	100	3
1	101	10
1	102	10
1	103	2
1	104	0
1	105	17
1	106	18
1	107	17
1	108	16
1	109	13
1	110	4
1	111	8
1	112	18
1	113	11
1	114	13
1	115	15
1	116	7
1	117	13
1	118	16
1	119	4
1	120	5
1	121	3
1	122	6
1	123	11
1	124	7
1	125	9
1	126	7
1	127	2
1	128	16
1	129	11
1	130	11
1	131	11
1	132	14
1	133	9
1	134	1
1	135	7
1	136	12
1	137	16
1	138	3
1	139	17
1	140	5
1	141	8
1	142	5
1	143	15
1	144	0
1	145	16
1	146	17
1	147	5
1	148	11
1	149	12
1	150	17
1	151	5
1	152	8
1	153	2
1	154	1
1	155	11
1	156	12
1	157	4
1	158	11
1	159	6
1	160	19
1	161	2
1	162	6
1	163	13
1	164	16
1	165	5
1	166	19
1	167	17
1	168	10
1	169	6
1	170	17
1	171	5
1	172	19
1	173	11
1	174	9
1	175	6
1	176	6
1	177	13
1	178	5
1	179	4
1	180	16
1	181	10
1	182	1
1	183	18
1	184	15
1	185	19
1	186	12
1	187	13
1	188	8
1	189	18
1	190	16
1	191	5
1	192	2
1	193	5
1	194	19
1	195	8
1	196	19
1	197	16
1	198	4
1	199	12
1	200	4
1	201	10
1	202	8
1	203	9
1	204	12
1	205	16
1	206	15
1	207	12
1	208	13
1	209	11
1	210	11
1	211	12
1	212	17
1	213	4
1	214	9
1	215	8
1	216	9
1	217	13
1	218	3
1	219	9
1	220	8
1	221	0
1	222	12
1	223	18
1	224	1
1	225	17
1	226	17
1	227	11
1	228	8
1	229	1
1	230	17
1	231	4
1	232	12
1	233	15
1	234	18
1	235	5
1	236	7
1	237	8
1	238	8
1	239	3
1	240	7
1	241	8
1	242	10
1	243	15
1	244	5
1	245	15
1	246	5
1	247	15
1	248	5
1	249	10
1	250	1
1	251	7
1	252	12
1	253	18
1	254	3
1	255	15
1	256	19
1	257	8
1	258	5
1	259	16
1	260	2
1	261	18
1	262	15
1	263	18
1	264	16
1	265	7
1	266	0
1	267	17
1	268	17
1	269	5
1	270	15
1	271	4
1	272	10
1	273	19
1	274	5
1	275	2
1	276	5
1	277	15
1	278	3
1	279	14
1	280	4
1	281	5
1	282	4
1	283	5
1	284	17
1	285	1
1	286	2
1	287	0
1	288	7
1	289	3
1	290	15
1	291	1
1	292	13
1	293	12
1	294	18
1	295	1
1	296	3
1	297	8
1	298	3
1	299	4
1	300	13
1	301	9
1	302	15
1	303	10
1	304	1
1	305	6
1	306	1
1	307	9
1	308	15
1	309	14
1	310	9
1	311	11
1	312	0
1	313	17
1	314	18
1	315	16
1	316	17
1	317	14
1	318	11
1	319	11
1	320	15
1	321	0
1	322	2
1	323	4
1	324	14
1	325	10
1	326	10
1	327	2
1	328	19
1	329	16
1	330	17
1	331	12
1	332	15
1	333	6
1	334	6
1	335	14
1	336	3
1	337	16
1	338	7
1	339	5
1	340	12
1	341	4
1	342	11
1	343	0
1	344	0
1	345	5
1	346	16
1	347	5
1	348	0
1	349	0
1	350	1
1	351	4
1	352	10
1	353	0
1	354	7
1	355	6
1	356	4
1	357	4
1	358	18
1	359	8
1	360	5
1	361	19
1	362	4
1	363	1
1	364	8
1	365	10
1	366	8
1	367	0
1	368	9
1	369	13
1	370	11
1	371	1
1	372	18
1	373	0
1	374	11
1	375	19
1	376	6
1	377	2
1	378	11
1	379	7
1	380	2
1	381	9
1	382	5
1	383	7
1	384	6
1	385	16
1	386	12
1	387	12
1	388	19
1	389	0
1	390	15
1	391	6
1	392	16
1	393	13
1	394	9
1	395	14
1	396	17
1	397	8
1	398	7
1	399	7
1	400	16
1	401	9
1	402	14
1	403	5
1	404	4
1	405	8
1	406	16
1	407	15
1	408	11
1	409	6
1	410	4
1	411	16
1	412	5
1	413	4
1	414	10
1	415	1
1	416	19
1	417	10
1	418	18
1	419	15
1	420	12
1	421	13
1	422	5
1	423	14
1	424	17
1	425	14
1	426	12
1	427	9
1	428	13
1	429	16
1	430	1
1	431	5
1	432	18
1	433	4
1	434	10
1	435	0
1	436	16
1	437	5
1	438	3
1	439	8
1	440	5
1	441	14
1	442	2
1	443	6
1	444	8
1	445	17
1	446	14
1	447	1
1	448	8
1	449	2
1	450	13
1	451	1
1	452	8
1	453	3
1	454	12
1	455	6
1	456	12
1	457	15
1	458	4
1	459	15
1	460	10
1	461	3
1	462	14
1	463	13
1	464	18
1	465	8
1	466	8
1	467	10
1	468	18
1	469	2
1	470	4
1	471	19
1	472	3
1	473	5
1	474	12
1	475	11
1	476	1
1	477	0
1	478	2
1	479	16
5	0	7,11,15,17,18
5	1	9,14,16,17,19
5	2	2,3,9,12,19
5	3	5,6,11,14,19
5	4	0,4,5,11,15
5	5	1,2,9,14,18
5	6	0,6,15,16,19
5	7	2,5,9,12,15
5	8	4,7,8,17,19
5	9	1,5,16,17,19
5	10	5,6,7,14,15
5	11	0,6,8,17,19
5	12	0,7,12,13,14
5	13	9,12,14,16,18
5	14	1,4,11,16,19
5	15	6,8,9,12,18
5	16	10,11,12,14,15
5	17	7,8,9,11,15
5	18	2,3,5,7,8
5	19	11,15,16,17,18
5	20	0,3,7,10,17
5	21	0,8,9,16,18
5	22	3,4,15,16,19
5	23	3,5,11,12,15
5	24	6,7,9,11,18
5	25	3,10,14,17,19
5	26	0,1,3,6,11
5	27	2,3,8,15,19
5	28	1,2,3,11,16
5	29	7,12,13,14,18
5	30	0,9,13,15,18
5	31	1,4,6,14,17
5	32	1,7,14,17,18
5	33	0,6,9,15,17
5	34	1,2,14,17,18
5	35	4,5,9,14,19
5	36	2,5,6,8,13
5	37	2,8,10,14,15
5	38	3,10,16,17,18
5	39	3,13,14,15,19
5	40	1,3,5,16,18
5	41	0,5,8,13,18
5	42	1,6,7,9,14
5	43	0,4,6,9,10
5	44	0,1,2,10,14
5	45	3,4,9,10,18
5	46	1,3,4,12,18
5	47	0,2,8,10,19
5	48	0,10,13,14,16
5	49	4,7,10,14,18
5	50	8,9,13,14,19
5	51	0,8,11,14,15
5	52	1,5,8,17,18
5	53	6,11,14,17,18
5	54	1,2,9,14,16
5	55	1,3,6,15,16
5	56	2,7,12,16,17
5	57	5,7,9,14,16
5	58	1,2,10,11,17
5	59	0,3,5,6,11
5	60	8,10,11,12,19
5	61	0,2,6,9,17
5	62	0,14,16,18,19
5	63	0,12,13,15,16
5	64	2,5,6,7,9
5	65	0,4,7,8,12
5	66	2,11,12,13,17
5	67	0,6,9,11,18
5	68	0,3,4,6,9
5	69	1,5,8,10,13
5	70	0,11,14,15,18
5	71	1,5,11,15,17
5	72	6,8,10,18,19
5	73	1,2,7,9,15
5	74	1,3,4,6,8
5	75	1,3,8,14,18
5	76	5,7,8,9,19
5	77	6,16,17,18,19
5	78	0,1,2,4,14
5	79	5,7,12,15,16
5	80	7,9,11,18,19
5	81	1,4,9,14,18
5	82	0,10,12,14,18
5	83	1,3,14,18,19
5	84	0,3,8,16,19
5	85	4,10,11,15,19
5	86	7,8,9,16,17
5	87	1,11,12,15,19
5	88	5,6,7,10,13
5	89	1,4,7,8,15
5	90	2,7,10,14,19
5	91	2,5,6,12,14
5	92	0,9,13,15,16
5	93	0,2,7,15,19
5	94	2,12,13,15,19
5	95	1,7,10,14,15
5	96	8,9,13,15,18
5	97	3,4,8,17,18
5	98	7,10,14,16,17
5	99	2,9,11,13,14
5	100	3,5,11,12,19
5	101	6,7,10,15,16
5	102	0,2,5,10,13
5	103	2,3,4,9,19
5	104	0,4,7,8,11
5	105	1,6,11,16,17
5	106	5,12,14,16,18
5	107	1,5,6,11,17
5	108	1,2,14,16,18
5	109	1,5,10,13,16
5	110	0,4,10,11,14
5	111	1,2,8,10,17
5	112	0,12,14,16,18
5	113	1,10,11,17,18
5	114	1,7,8,13,14
5	115	0,8,14,15,18
5	116	3,4,7,14,17
5	117	7,9,10,13,15
5	118	6,8,15,16,18
5	119	0,4,8,9,12
5	120	5,7,9,11,19
5	121	1,3,14,17,18
5	122	0,4,6,11,14
5	123	2,6,7,11,15
5	124	3,7,13,14,15
5	125	6,9,10,12,15
5	126	3,5,6,7,17
5	127	2,5,8,11,19
5	128	3,6,10,12,16
5	129	4,5,9,11,15
5	130	1,9,11,14,19
5	131	0,1,11,15,18
5	132	1,6,7,14,16
5	133	4,5,7,9,15
5	134	1,7,9,11,12
5	135	3,7,10,13,16
5	136	10,12,14,17,19
5	137	0,4,8,11,16
5	138	1,3,6,9,19
5	139	11,12,14,16,17
5	140	3,5,8,13,17
5	141	0,5,6,8,15
5	142	1,5,15,17,18
5	143	0,3,8,15,19
5	144	0,2,4,5,8
5	145	3,8,14,15,16
5	146	0,7,11,17,18
5	147	1,2,3,5,9
5	148	1,2,5,7,11
5	149	9,10,12,14,19
5	150	4,6,11,14,17
5	151	5,6,8,14,18
5	152	1,2,8,10,17
5	153	0,1,2,4,6
5	154	1,2,4,8,18
5	155	5,11,15,17,19
5	156	1,4,6,8,12
5	157	4,5,7,16,17
5	158	4,11,12,14,17
5	159	2,6,8,12,14
5	160	5,9,15,18,19
5	161	0,1,2,6,9
5	162	2,6,9,11,13
5	163	7,8,13,16,19
5	164	0,7,9,16,19
5	165	1,4,5,12,16
5	166	4,8,9,14,19
5	167	4,7,9,12,17
5	168	3,10,12,15,19
5	169	4,6,8,13,16
5	170	2,3,5,7,17
5	171	0,5,6,8,15
5	172	5,8,13,16,19
5	173	6,11,12,13,19
5	174	0,2,6,9,11
5	175	3,6,9,12,15
5	176	5,6,7,16,18
5	177	2,6,13,14,15
5	178	1,5,10,12,13
5	179	4,6,9,11,16
5	180	3,6,8,16,17
5	181	3,10,15,16,18
5	182	1,5,7,9,17
5	183	9,13,14,17,18
5	184	2,5,8,11,15
5	185	0,7,8,15,19
5	186	6,10,11,12,19
5	187	0,3,5,10,13
5	188	0,7,8,11,13
5	189	3,5,15,17,18
5	190	2,6,13,16,19
5	191	5,10,11,12,19
5	192	1,2,14,16,18
5	193	5,9,10,15,19
5	194	1,6,14,16,19
5	195	2,3,4,8,9
5	196	8,14,16,18,19
5	197	8,10,11,14,16
5	198	0,4,6,7,10
5	199	1,6,12,16,19
5	200	3,4,6,8,12
5	201	0,2,3,10,15
5	202	4,7,8,13,18
5	203	6,8,9,13,17
5	204	1,4,12,16,17
5	205	6,7,13,16,19
5	206	11,14,15,16,17
5	207	2,8,10,12,18
5	208	2,11,13,15,17
5	209	2,3,10,11,12
5	210	10,11,12,14,15
5	211	1,6,12,16,19
5	212	9,14,15,17,18
5	213	0,1,4,10,17
5	214	4,6,9,10,11
5	215	2,4,5,6,8
5	216	2,3,5,7,9
5	217	3,9,11,12,13
5	218	3,8,10,16,18
5	219	0,3,9,10,12
5	220	5,8,9,15,19
5	221	0,3,8,12,13
5	222	1,5,6,12,14
5	223	1,2,3,18,19
5	224	1,2,11,14,19
5	225	0,5,12,17,18
5	226	2,8,9,17,18
5	227	0,6,9,11,18
5	228	3,5,8,12,19
5	229	0,1,3,5,7
5	230	1,9,12,16,17
5	231	3,4,5,6,9
5	232	2,7,10,12,15
5	233	2,3,6,13,15
5	234	0,6,12,18,19
5	235	5,6,7,13,19
5	236	3,7,8,11,15
5	237	0,6,8,9,19
5	238	1,8,13,17,19
5	239	0,3,4,6,13
5	240	3,4,7,16,18
5	241	0,2,8,12,17
5	242	2,3,7,10,14
5	243	0,13,14,15,18
5	244	0,2,5,9,18
5	245	2,8,11,15,17
5	246	0,5,6,9,16
5	247	1,4,12,14,15
5	248	0,2,3,5,9
5	249	1,10,14,16,17
5	250	1,4,12,15,19
5	251	1,7,8,11,16
5	252	6,9,12,14,18
5	253	3,7,8,17,18
5	254	3,11,17,18,19
5	255	2,4,8,12,15
5	256	2,3,6,18,19
5	257	2,7,8,12,16
5	258	5,6,7,9,16
5	259	5,7,10,16,18
5	260	2,5,9,12,19
5	261	7,8,12,14,18
5	262	7,11,13,15,16
5	263	1,3,12,13,18
5	264	0,2,4,16,19
5	265	0,3,7,13,16
5	266	0,4,14,15,19
5	267	5,6,7,15,17
5	268	0,1,4,7,17
5	269	1,5,9,13,15
5	270	0,8,10,11,15
5	271	0,4,11,16,19
5	272	8,10,12,18,19
5	273	4,6,13,17,19
5	274	1,5,6,15,18
5	275	2,6,13,14,17
5	276	1,5,7,17,18
5	277	0,5,10,15,16
5	278	1,3,8,10,16
5	279	0,1,4,9,14
5	280	1,4,5,11,19
5	281	4,5,12,13,14
5	282	1,3,4,17,18
5	283	5,8,11,12,19
5	284	6,7,8,14,17
5	285	1,2,11,12,16
5	286	2,4,6,8,11
5	287	0,3,13,17,19
5	288	1,5,6,7,17
5	289	3,7,14,17,18
5	290	4,5,8,15,17
5	291	1,3,4,10,14
5	292	1,2,3,13,17
5	293	4,7,12,14,16
5	294	0,5,13,18,19
5	295	1,4,7,9,12
5	296	0,3,5,11,13
5	297	1,5,8,11,18
5	298	0,3,6,8,13
5	299	1,3,4,5,7
5	300	2,11,12,13,17
5	301	0,3,7,9,19
5	302	1,5,8,10,15
5	303	0,10,12,13,18
5	304	1,7,9,10,12
5	305	2,6,8,11,13
5	306	1,4,7,8,9
5	307	1,2,8,9,12
5	308	3,5,6,8,15
5	309	2,6,9,11,14
5	310	1,9,13,16,19
5	311	0,2,8,11,19
5	312	0,6,8,13,14
5	313	0,9,12,13,17
5	314	2,15,17,18,19
5	315	0,10,11,14,16
5	316	8,10,16,17,18
5	317	7,10,11,12,14
5	318	8,11,14,16,18
5	319	8,11,17,18,19
5	320	5,6,11,15,18
5	321	0,1,9,17,19
5	322	2,5,11,12,14
5	323	4,6,11,16,18
5	324	1,2,4,11,14
5	325	5,6,9,10,14
5	326	0,7,10,14,19
5	327	1,2,8,9,10
5	328	8,9,11,15,19
5	329	1,9,12,16,18
5	330	1,2,3,17,19
5	331	1,10,12,16,17
5	332	6,10,12,13,15
5	333	0,6,7,10,11
5	334	2,3,6,14,19
5	335	9,11,13,14,15
5	336	3,7,9,11,12
5	337	0,2,7,8,16
5	338	1,7,8,12,14
5	339	0,4,5,9,18
5	340	1,9,10,12,14
5	341	4,9,11,12,19
5	342	1,6,7,10,11
5	343	0,6,8,14,18
5	344	0,2,12,14,16
5	345	5,10,12,14,17
5	346	0,10,16,17,19
5	347	5,11,12,13,14
5	348	0,7,11,16,17
5	349	0,2,4,18,19
5	350	1,14,15,16,18
5	351	4,15,16,17,19
5	352	4,7,10,13,19
5	353	0,4,5,17,18
5	354	1,7,8,13,16
5	355	0,1,3,6,14
5	356	0,3,4,7,15
5	357	1,4,6,7,9
5	358	5,7,11,15,18
5	359	0,7,8,9,18
5	360	2,5,10,12,14
5	361	0,3,5,11,19
5	362	4,5,10,13,19
5	363	1,6,14,17,19
5	364	1,2,8,14,15
5	365	0,1,5,10,14
5	366	2,8,10,17,19
5	367	0,1,2,5,6
5	368	0,1,3,9,17
5	369	1,4,10,13,18
5	370	1,4,9,11,15
5	371	1,8,15,17,18
5	372	2,4,14,18,19
5	373	0,1,2,16,18
5	374	1,2,11,16,17
5	375	3,6,13,17,19
5	376	0,2,6,8,9
5	377	2,5,9,10,13
5	378	4,7,11,14,17
5	379	1,5,6,7,17
5	380	2,11,12,13,15
5	381	4,8,9,15,17
5	382	1,4,5,9,10
5	383	1,6,7,9,11
5	384	2,6,8,16,19
5	385	0,2,10,11,16
5	386	4,6,12,15,17
5	387	0,9,10,12,14
5	388	8,15,17,18,19
5	389	0,7,10,12,15
5	390	5,7,10,13,15
5	391	3,4,6,8,18
5	392	9,11,12,16,18
5	393	0,5,10,13,16
5	394	0,9,11,16,18
5	395	1,5,10,11,14
5	396	0,3,4,17,18
5	397	3,4,7,8,14
5	398	2,7,11,12,19
5	399	5,7,11,15,18
5	400	0,2,5,14,16
5	401	0,2,9,12,15
5	402	0,2,5,14,19
5	403	1,5,6,12,14
5	404	2,4,11,12,17
5	405	2,8,11,12,16
5	406	0,3,13,15,16
5	407	0,14,15,18,19
5	408	3,4,5,9,11
5	409	1,2,3,4,6
5	410	3,4,16,17,18
5	411	1,5,13,16,18
5	412	5,6,7,10,17
5	413	2,4,6,9,18
5	414	0,4,10,12,13
5	415	1,5,6,14,16
5	416	0,2,11,15,19
5	417	5,7,10,11,19
5	418	0,6,7,15,18
5	419	3,13,15,16,17
5	420	2,6,12,13,14
5	421	2,5,10,13,15
5	422	5,8,11,13,16
5	423	2,11,13,14,17
5	424	4,5,7,17,19
5	425	4,5,9,14,16
5	426	0,11,12,17,19
5	427	3,9,14,15,19
5	428	3,10,13,17,19
5	429	2,4,11,16,17
5	430	1,6,8,13,17
5	431	3,4,5,10,13
5	432	0,2,5,14,18
5	433	4,10,12,15,18
5	434	3,10,13,14,19
5	435	0,4,8,10,19
5	436	7,11,12,13,16
5	437	1,2,5,6,16
5	438	0,1,3,5,14
5	439	2,7,8,10,16
5	440	5,7,8,14,17
5	441	2,10,11,14,18
5	442	0,2,11,16,17
5	443	2,6,13,14,17
5	444	6,7,8,9,16
5	445	5,6,13,15,17
5	446	1,4,9,10,14
5	447	1,12,13,14,19
5	448	8,9,11,13,16
5	449	2,4,6,17,18
5	450	6,7,13,15,16
5	451	1,6,9,11,17
5	452	2,8,9,11,15
5	453	1,2,3,4,14
5	454	0,12,14,15,19
5	455	3,6,8,11,14
5	456	0,5,10,11,12
5	457	0,3,9,10,15
5	458	4,13,14,15,16
5	459	0,11,15,17,19
5	460	3,5,7,9,10
5	461	3,9,14,15,17
5	462	2,5,7,14,15
5	463	3,7,8,10,13
5	464	4,16,17,18,19
5	465	3,8,13,15,17
5	466	3,5,6,8,18
5	467	6,7,8,10,16
5	468	3,6,9,15,18
5	469	1,2,4,9,10
5	470	4,7,14,15,17
5	471	11,13,15,17,19
5	472	3,6,7,9,15
5	473	0,5,6,8,13
5	474	6,11,12,16,18
5	475	1,10,11,14,15
5	476	1,4,6,7,15
5	477	0,2,6,8,17
5	478	0,2,8,13,16
5	479	1,2,10,16,17
10	0	0,3,6,7,11,14,15,17,18,19
10	1	5,8,9,10,13,14,15,16,17,19
10	2	1,2,3,6,7,9,12,16,18,19
10	3	2,5,6,8,9,11,12,14,16,19
10	4	0,1,3,4,5,9,11,13,15,16
10	5	1,2,3,9,10,12,13,14,17,18
10	6	0,1,6,12,14,15,16,17,18,19
10	7	0,2,5,6,9,12,13,14,15,19
10	8	2,4,7,8,9,11,13,15,17,19
10	9	1,2,4,5,8,12,14,16,17,19
10	10	0,1,3,4,5,6,7,10,14,15
10	11	0,1,4,6,8,9,11,12,17,19
10	12	0,2,7,10,11,12,13,14,17,19
10	13	2,7,9,12,14,15,16,17,18,19
10	14	0,1,2,4,6,10,11,14,16,19
10	15	2,3,6,8,9,12,13,17,18,19
10	16	1,4,7,10,11,12,14,15,16,17
10	17	0,4,7,8,9,11,13,14,15,16
10	18	1,2,3,5,7,8,10,11,16,17
10	19	2,3,5,8,9,11,15,16,17,18
10	20	0,3,7,10,11,12,14,16,17,19
10	21	0,1,8,9,11,12,13,14,16,18
10	22	1,3,4,7,10,13,14,15,16,19
10	23	1,3,4,5,7,11,12,14,15,18
10	24	5,6,7,9,11,13,14,16,17,18
10	25	3,5,8,10,12,14,16,17,18,19
10	26	0,1,3,4,6,9,11,12,17,19
10	27	2,3,4,8,9,10,12,15,18,19
10	28	1,2,3,5,7,8,11,12,13,16
10	29	4,5,6,7,11,12,13,14,16,18
10	30	0,3,4,5,6,9,13,14,15,18
10	31	1,4,6,8,10,12,14,16,17,18
10	32	1,2,4,5,7,10,13,14,17,18
10	33	0,2,5,6,8,9,11,15,17,19
10	34	0,1,2,3,6,13,14,16,17,18
10	35	4,5,6,9,12,13,14,15,18,19
10	36	0,2,3,5,6,8,13,16,17,18
10	37	1,2,7,8,9,10,11,12,14,15
10	38	3,6,9,10,11,12,14,16,17,18
10	39	3,5,6,10,13,14,15,16,17,19
10	40	0,1,3,5,7,15,16,17,18,19
10	41	0,1,3,5,7,8,13,16,18,19
10	42	1,4,5,6,7,9,14,16,18,19
10	43	0,2,3,4,6,9,10,14,16,17
10	44	0,1,2,9,10,11,12,14,15,18
10	45	3,4,5,7,9,10,13,17,18,19
10	46	0,1,2,3,4,9,10,12,13,18
10	47	0,1,2,5,8,10,11,12,16,19
10	48	0,3,7,8,10,12,13,14,16,18
10	49	1,2,4,5,7,10,13,14,18,19
10	50	2,3,5,8,9,13,14,17,18,19
10	51	0,2,8,9,10,11,12,13,14,15
10	52	1,3,5,6,8,9,12,17,18,19
10	53	1,2,3,6,10,11,14,16,17,18
10	54	1,2,3,7,8,9,13,14,16,19
10	55	0,1,3,6,9,11,12,13,15,16
10	56	0,2,3,4,5,7,12,16,17,18
10	57	1,2,5,7,8,9,13,14,16,19
10	58	0,1,2,3,4,5,6,10,11,17
10	59	0,3,5,6,10,11,16,17,18,19
10	60	0,1,5,8,10,11,12,16,18,19
10	61	0,1,2,6,8,9,12,15,17,19
10	62	0,4,7,9,10,14,15,16,18,19
10	63	0,6,7,8,12,13,15,16,18,19
10	64	2,5,6,7,9,11,14,17,18,19
10	65	0,1,3,4,6,7,8,12,13,18
10	66	0,2,6,10,11,12,13,17,18,19
10	67	0,1,6,7,8,9,11,13,14,18
10	68	0,2,3,4,5,6,7,9,15,17
10	69	1,2,5,7,8,10,13,15,17,18
10	70	0,2,3,5,9,11,12,14,15,18
10	71	1,4,5,7,11,15,16,17,18,19
10	72	0,1,6,8,9,10,12,16,18,19
10	73	1,2,3,4,7,9,10,15,16,18
10	74	1,3,4,5,6,8,9,11,17,18
10	75	0,1,3,6,7,8,11,14,17,18
10	76	1,5,6,7,8,9,13,16,17,19
10	77	2,4,5,6,11,14,16,17,18,19
10	78	0,1,2,4,8,11,14,16,17,18
10	79	1,3,5,6,7,9,12,13,15,16
10	80	0,1,2,7,9,11,14,16,18,19
10	81	1,2,3,4,7,9,13,14,17,18
10	82	0,1,7,9,10,12,14,16,17,18
10	83	0,1,3,5,8,10,13,14,18,19
10	84	0,1,3,4,6,8,9,10,16,19
10	85	0,4,5,6,10,11,12,14,15,19
10	86	0,4,7,8,9,10,12,14,16,17
10	87	1,2,4,11,12,14,15,16,18,19
10	88	1,3,5,6,7,8,10,11,13,18
10	89	1,2,4,7,8,9,14,15,16,18
10	90	2,3,5,7,9,10,14,16,17,19
10	91	2,3,5,6,8,9,12,14,15,17
10	92	0,8,9,10,11,13,14,15,16,17
10	93	0,2,3,7,9,10,13,15,17,19
10	94	1,2,4,5,7,12,13,15,16,19
10	95	0,1,2,3,7,8,10,14,15,16
10	96	0,4,8,9,11,13,15,16,17,18
10	97	1,3,4,5,8,9,13,15,17,18
10	98	1,2,6,7,10,13,14,16,17,19
10	99	2,5,6,7,8,9,10,11,13,14
10	100	0,3,5,10,11,12,14,16,17,19
10	101	0,5,6,7,9,10,11,13,15,16
10	102	0,2,5,6,9,10,11,12,13,16
10	103	0,2,3,4,5,6,9,14,18,19
10	104	0,1,3,4,5,7,8,11,13,14
10	105	0,1,4,6,7,8,11,16,17,19
10	106	2,5,7,9,10,12,13,14,16,18
10	107	1,4,5,6,11,12,13,14,15,17
10	108	0,1,2,5,7,11,14,16,18,19
10	109	1,4,5,6,8,10,13,14,16,18
10	110	0,3,4,9,10,11,14,15,17,19
10	111	1,2,6,7,8,10,14,15,16,17
10	112	0,4,7,8,11,12,14,16,18,19
10	113	0,1,8,9,10,11,15,17,18,19
10	114	0,1,3,7,8,9,11,13,14,17
10	115	0,1,4,5,8,13,14,15,18,19
10	116	3,4,5,7,9,10,11,12,14,17
10	117	2,3,7,9,10,11,13,14,15,19
10	118	0,1,3,6,8,12,14,15,16,18
10	119	0,4,6,8,9,11,12,13,15,19
10	120	2,5,7,8,9,10,11,12,15,19
10	121	1,3,6,8,9,13,14,15,17,18
10	122	0,2,4,6,7,9,11,14,15,17
10	123	1,2,4,6,7,10,11,12,15,17
10	124	3,7,8,9,13,14,15,17,18,19
10	125	2,3,6,7,9,10,11,12,15,17
10	126	1,2,3,4,5,6,7,12,13,17
10	127	2,3,5,8,9,11,13,14,18,19
10	128	0,2,3,5,6,10,12,14,16,17
10	129	0,4,5,8,9,10,11,14,15,17
10	130	1,4,8,9,11,12,14,16,17,19
10	131	0,1,5,7,10,11,15,16,17,18
10	132	1,3,6,7,8,11,13,14,15,16
10	133	2,4,5,6,7,9,12,13,14,15
10	134	1,2,3,6,7,9,11,12,13,19
10	135	1,2,3,6,7,8,10,11,13,16
10	136	2,8,9,10,12,13,14,15,17,19
10	137	0,3,4,7,8,9,11,15,16,17
10	138	1,2,3,4,6,7,8,9,15,19
10	139	3,6,7,8,11,12,13,14,16,17
10	140	0,1,3,5,7,8,9,13,15,17
10	141	0,2,5,6,8,13,14,15,16,17
10	142	1,5,6,7,10,11,15,16,17,18
10	143	0,1,3,4,5,8,11,13,15,19
10	144	0,2,3,4,5,8,10,15,18,19
10	145	3,5,7,8,11,13,14,15,16,18
10	146	0,3,4,5,6,7,10,11,17,18
10	147	1,2,3,5,9,10,11,13,17,18
10	148	0,1,2,3,5,7,10,11,12,15
10	149	0,1,5,6,9,10,12,14,17,19
10	150	1,2,4,6,8,9,10,11,14,17
10	151	2,4,5,6,8,9,11,14,17,18
10	152	1,2,4,8,10,13,15,17,18,19
10	153	0,1,2,4,6,7,13,17,18,19
10	154	1,2,3,4,8,11,12,13,18,19
10	155	0,2,3,5,8,10,11,15,17,19
10	156	0,1,4,6,7,8,10,11,12,16
10	157	0,2,4,5,7,10,11,16,17,19
10	158	4,7,8,9,11,12,14,17,18,19
10	159	1,2,3,4,6,8,12,14,15,19
10	160	0,3,4,5,6,8,9,15,18,19
10	161	0,1,2,4,6,7,9,10,15,17
10	162	0,1,2,6,7,9,10,11,13,15
10	163	0,6,7,8,12,13,14,15,16,19
10	164	0,1,5,7,8,9,11,16,18,19
10	165	1,2,3,4,5,10,12,13,14,16
10	166	1,2,3,4,8,9,12,14,18,19
10	167	2,4,6,7,8,9,10,12,16,17
10	168	0,2,3,5,10,11,12,13,15,19
10	169	2,4,6,8,11,13,16,17,18,19
10	170	1,2,3,5,7,8,11,14,17,18
10	171	0,1,5,6,8,9,12,13,15,19
10	172	5,8,10,11,12,13,14,16,17,19
10	173	1,5,6,10,11,12,13,17,18,19
10	174	0,2,6,7,8,9,11,14,15,17
10	175	0,2,3,6,8,9,12,15,16,19
10	176	4,5,6,7,10,13,15,16,17,18
10	177	1,2,3,4,6,13,14,15,17,18
10	178	1,5,8,10,12,13,14,16,17,19
10	179	2,4,5,6,8,9,11,12,16,18
10	180	1,3,5,6,8,9,10,12,16,17
10	181	1,3,9,10,12,14,15,16,17,18
10	182	1,2,5,6,7,9,14,16,17,19
10	183	0,4,8,9,12,13,14,16,17,18
10	184	0,1,2,3,5,8,9,11,13,15
10	185	0,1,3,7,8,12,13,15,17,19
10	186	1,6,7,10,11,12,13,16,18,19
10	187	0,1,3,5,8,9,10,13,14,18
10	188	0,2,3,5,7,8,11,13,14,18
10	189	3,5,7,8,9,14,15,17,18,19
10	190	2,6,7,8,10,12,13,14,16,19
10	191	2,5,6,9,10,11,12,13,14,19
10	192	1,2,3,6,10,13,14,15,16,18
10	193	3,5,9,10,12,13,15,16,18,19
10	194	1,3,4,6,7,8,14,15,16,19
10	195	1,2,3,4,5,8,9,11,14,19
10	196	5,7,8,10,11,14,16,17,18,19
10	197	0,3,8,10,11,14,16,17,18,19
10	198	0,1,4,5,6,7,9,10,12,16
10	199	1,6,8,10,11,12,15,16,17,19
10	200	3,4,6,8,9,10,12,13,14,17
10	201	0,2,3,5,10,11,12,15,17,18
10	202	3,4,6,7,8,11,12,13,16,18
10	203	1,2,6,7,8,9,11,13,16,17
10	204	1,2,3,4,5,6,12,16,17,19
10	205	3,5,6,7,10,11,13,16,17,19
10	206	1,2,5,10,11,14,15,16,17,18
10	207	1,2,5,7,8,10,12,17,18,19
10	208	2,4,5,11,12,13,14,15,16,17
10	209	2,3,7,8,10,11,12,13,14,18
10	210	0,3,6,10,11,12,14,15,16,19
10	211	1,2,4,6,7,12,14,15,16,19
10	212	0,2,7,8,9,11,14,15,17,18
10	213	0,1,2,4,9,10,13,15,16,17
10	214	0,1,4,6,9,10,11,14,17,19
10	215	2,4,5,6,8,10,12,14,15,16
10	216	0,1,2,3,4,5,7,9,16,18
10	217	0,3,4,5,9,11,12,13,15,17
10	218	1,3,8,10,13,15,16,17,18,19
10	219	0,2,3,4,9,10,11,12,13,16
10	220	3,4,5,8,9,10,15,16,17,19
10	221	0,1,3,4,5,6,8,10,12,13
10	222	0,1,5,6,11,12,14,15,17,18
10	223	1,2,3,4,6,8,11,15,18,19
10	224	1,2,5,6,8,11,14,15,16,19
10	225	0,1,5,9,10,11,12,17,18,19
10	226	0,2,8,9,10,11,12,17,18,19
10	227	0,2,6,7,9,11,14,17,18,19
10	228	3,5,6,8,9,10,12,14,18,19
10	229	0,1,3,5,6,7,8,10,13,14
10	230	1,3,4,6,9,12,14,16,17,18
10	231	0,3,4,5,6,7,9,10,17,19
10	232	1,2,7,8,9,10,11,12,15,17
10	233	0,2,3,6,7,11,13,14,15,17
10	234	0,1,4,5,6,12,14,15,18,19
10	235	1,3,4,5,6,7,9,13,14,19
10	236	0,3,5,6,7,8,11,12,15,18
10	237	0,3,6,7,8,9,10,17,18,19
10	238	0,1,3,6,7,8,13,16,17,19
10	239	0,3,4,5,6,8,10,13,14,19
10	240	1,2,3,4,6,7,8,16,18,19
10	241	0,1,2,8,10,12,16,17,18,19
10	242	1,2,3,4,7,9,10,11,14,16
10	243	0,4,7,9,10,11,13,14,15,18
10	244	0,2,5,6,8,9,10,15,17,18
10	245	1,2,3,8,10,11,14,15,17,18
10	246	0,2,5,6,8,9,11,15,16,18
10	247	1,2,4,6,7,9,12,14,15,18
10	248	0,2,3,5,6,7,9,13,16,17
10	249	1,2,4,5,8,10,14,16,17,18
10	250	1,2,4,5,12,15,16,17,18,19
10	251	1,5,7,8,11,12,14,15,16,18
10	252	4,5,6,7,8,9,12,14,16,18
10	253	1,3,5,7,8,10,12,14,17,18
10	254	3,6,7,9,11,15,16,17,18,19
10	255	1,2,4,6,7,8,9,11,12,15
10	256	1,2,3,5,6,9,15,16,18,19
10	257	1,2,4,7,8,10,12,13,16,18
10	258	0,1,2,5,6,7,8,9,13,16
10	259	1,4,5,7,10,11,12,16,18,19
10	260	1,2,4,5,9,11,12,13,15,19
10	261	0,3,4,5,6,7,8,12,14,18
10	262	3,7,11,12,13,14,15,16,17,18
10	263	1,3,4,6,8,12,13,14,18,19
10	264	0,2,3,4,6,9,12,13,16,19
10	265	0,1,3,6,7,12,13,14,16,17
10	266	0,4,5,10,11,12,14,15,17,19
10	267	2,5,6,7,8,9,15,16,17,18
10	268	0,1,4,6,7,8,12,16,17,19
10	269	1,3,5,7,9,13,14,15,16,19
10	270	0,3,4,8,10,11,14,15,16,17
10	271	0,2,4,6,11,12,13,16,17,19
10	272	0,3,6,7,8,10,12,14,18,19
10	273	1,3,4,6,10,11,12,13,17,19
10	274	1,2,4,5,6,10,11,13,15,18
10	275	2,6,7,8,11,13,14,16,17,18
10	276	1,2,5,7,9,13,15,17,18,19
10	277	0,5,6,9,10,12,15,16,17,19
10	278	1,3,8,10,11,13,15,16,17,19
10	279	0,1,3,4,5,7,8,9,14,17
10	280	1,4,5,7,11,13,14,15,18,19
10	281	2,3,4,5,7,12,13,14,16,19
10	282	1,3,4,7,9,11,13,17,18,19
10	283	2,5,6,8,11,12,13,14,18,19
10	284	0,5,6,7,8,10,13,14,17,18
10	285	0,1,2,3,7,11,12,13,15,16
10	286	0,2,4,6,8,10,11,12,14,18
10	287	0,3,4,7,8,10,13,17,18,19
10	288	1,5,6,7,8,12,13,16,17,19
10	289	0,3,4,5,7,12,14,15,17,18
10	290	3,4,5,6,7,8,9,15,17,18
10	291	0,1,2,3,4,8,9,10,14,19
10	292	1,2,3,4,5,7,13,16,17,19
10	293	1,2,3,4,7,10,12,13,14,16
10	294	0,2,5,6,8,11,13,16,18,19
10	295	1,2,4,5,7,8,9,10,12,14
10	296	0,3,4,5,10,11,13,14,18,19
10	297	1,2,5,7,8,9,11,15,17,18
10	298	0,1,3,4,6,7,8,10,13,15
10	299	0,1,2,3,4,5,7,9,18,19
10	300	1,2,3,5,7,8,11,12,13,17
10	301	0,1,3,7,9,10,13,14,15,19
10	302	1,5,8,10,11,15,16,17,18,19
10	303	0,1,3,7,10,12,13,14,18,19
10	304	1,3,5,6,7,9,10,11,12,16
10	305	0,2,5,6,8,9,11,13,16,17
10	306	1,4,6,7,8,9,10,11,12,14
10	307	1,2,7,8,9,11,12,13,15,16
10	308	3,4,5,6,7,8,12,14,15,18
10	309	1,2,4,5,6,8,9,11,14,17
10	310	1,2,4,5,9,10,13,15,16,19
10	311	0,2,3,7,8,11,15,17,18,19
10	312	0,6,7,8,9,10,13,14,15,19
10	313	0,3,5,7,9,11,12,13,15,17
10	314	0,1,2,6,10,13,15,17,18,19
10	315	0,1,3,6,8,10,11,14,16,19
10	316	0,2,8,10,11,12,16,17,18,19
10	317	3,6,7,8,9,10,11,12,14,16
10	318	0,1,6,7,8,9,11,14,16,18
10	319	0,2,4,5,7,8,11,17,18,19
10	320	0,5,6,8,9,11,15,17,18,19
10	321	0,1,3,4,5,8,9,12,17,19
10	322	0,2,5,8,11,12,13,14,17,18
10	323	3,4,6,7,11,13,15,16,17,18
10	324	0,1,2,4,6,8,11,12,14,16
10	325	1,4,5,6,9,10,14,15,17,19
10	326	0,2,3,7,9,10,13,14,16,19
10	327	0,1,2,6,8,9,10,11,15,19
10	328	2,3,5,6,7,8,9,11,15,19
10	329	1,3,5,8,9,10,12,14,16,18
10	330	1,2,3,9,10,12,13,17,18,19
10	331	1,2,4,5,6,7,10,12,16,17
10	332	3,6,8,10,11,12,13,15,16,18
10	333	0,1,6,7,8,10,11,13,14,19
10	334	0,2,3,5,6,7,11,12,14,19
10	335	0,4,5,9,11,13,14,15,18,19
10	336	1,3,7,9,10,11,12,13,16,18
10	337	0,1,2,5,7,8,14,16,17,18
10	338	1,4,6,7,8,12,14,16,18,19
10	339	0,1,2,4,5,9,12,15,18,19
10	340	0,1,7,9,10,12,13,14,16,17
10	341	0,2,4,9,11,12,15,16,17,19
10	342	0,1,2,3,6,7,8,10,11,15
10	343	0,1,3,6,7,8,14,15,16,18
10	344	0,1,2,3,6,12,13,14,15,16
10	345	0,5,6,10,11,12,14,15,16,17
10	346	0,4,5,7,10,13,14,16,17,19
10	347	5,7,8,9,11,12,13,14,17,18
10	348	0,4,6,7,11,14,16,17,18,19
10	349	0,2,3,4,5,10,11,14,18,19
10	350	0,1,9,10,12,13,14,15,16,18
10	351	3,4,5,8,11,14,15,16,17,19
10	352	1,3,4,5,7,10,11,13,18,19
10	353	0,3,4,5,11,12,14,15,17,18
10	354	1,3,5,7,8,9,10,13,16,18
10	355	0,1,2,3,5,6,13,14,15,18
10	356	0,2,3,4,7,11,12,13,15,16
10	357	1,4,6,7,9,10,11,12,13,17
10	358	0,1,3,5,7,11,13,14,15,18
10	359	0,1,7,8,9,11,13,16,17,18
10	360	2,5,7,8,9,10,12,13,14,19
10	361	0,2,3,4,5,8,10,11,13,19
10	362	2,4,5,10,12,13,14,15,17,19
10	363	0,1,5,6,7,10,11,14,17,19
10	364	1,2,4,6,8,10,11,14,15,19
10	365	0,1,4,5,10,12,13,14,16,19
10	366	0,2,4,8,10,12,13,15,17,19
10	367	0,1,2,3,5,6,7,9,15,19
10	368	0,1,3,6,9,10,14,16,17,18
10	369	1,4,7,8,10,11,13,16,18,19
10	370	1,4,5,6,8,9,10,11,15,17
10	371	1,2,3,5,8,10,13,15,17,18
10	372	1,2,3,4,8,11,12,14,18,19
10	373	0,1,2,5,6,8,15,16,18,19
10	374	1,2,5,7,11,12,13,14,16,17
10	375	2,3,6,11,13,14,15,16,17,19
10	376	0,2,3,6,8,9,11,13,14,18
10	377	2,4,5,6,9,10,13,15,16,19
10	378	1,4,5,7,8,10,11,14,17,19
10	379	1,2,5,6,7,10,11,15,17,18
10	380	0,2,7,9,10,11,12,13,15,19
10	381	0,1,4,6,8,9,10,14,15,17
10	382	0,1,3,4,5,8,9,10,14,17
10	383	1,4,6,7,8,9,11,13,15,17
10	384	1,2,3,6,8,9,11,12,16,19
10	385	0,2,4,7,9,10,11,12,13,16
10	386	1,4,6,8,12,14,15,17,18,19
10	387	0,4,8,9,10,12,14,16,17,18
10	388	2,6,7,8,9,15,16,17,18,19
10	389	0,2,3,7,9,10,12,13,14,15
10	390	1,5,6,7,8,10,13,15,16,17
10	391	0,3,4,5,6,8,9,16,18,19
10	392	4,6,9,11,12,13,14,15,16,18
10	393	0,1,3,4,5,10,13,16,18,19
10	394	0,1,6,9,11,14,16,17,18,19
10	395	0,1,2,4,5,10,11,14,17,18
10	396	0,3,4,6,9,14,15,16,17,18
10	397	3,4,6,7,8,11,13,14,17,18
10	398	0,2,7,8,11,12,13,17,18,19
10	399	5,6,7,8,10,11,15,16,17,18
10	400	0,1,2,4,5,6,13,14,16,19
10	401	0,2,5,9,10,11,12,15,16,19
10	402	0,2,5,7,8,9,12,14,18,19
10	403	1,5,6,8,12,13,14,15,17,18
10	404	1,2,4,5,8,9,11,12,13,17
10	405	0,2,5,8,10,11,12,14,16,18
10	406	0,1,3,6,11,12,13,15,16,19
10	407	0,3,5,6,10,14,15,17,18,19
10	408	0,3,4,5,9,11,13,15,18,19
10	409	1,2,3,4,5,6,12,13,18,19
10	410	3,4,6,7,8,11,15,16,17,18
10	411	0,1,2,5,6,7,12,13,16,18
10	412	2,3,5,6,7,10,12,13,16,17
10	413	2,4,5,6,7,9,15,17,18,19
10	414	0,1,2,3,4,10,11,12,13,14
10	415	1,5,6,8,11,13,14,15,16,19
10	416	0,1,2,4,6,7,11,12,15,19
10	417	5,6,7,8,9,10,11,15,18,19
10	418	0,3,4,6,7,10,14,15,17,18
10	419	0,3,8,9,12,13,15,16,17,19
10	420	2,3,6,7,8,9,12,13,14,18
10	421	0,2,5,6,7,10,11,13,15,18
10	422	1,4,5,8,9,11,12,13,14,16
10	423	1,2,9,10,11,13,14,15,17,19
10	424	4,5,6,7,11,14,15,16,17,19
10	425	0,1,4,5,6,7,9,13,14,16
10	426	0,3,7,8,11,12,13,14,17,19
10	427	1,3,5,7,9,10,14,15,17,19
10	428	0,2,3,4,5,8,10,13,17,19
10	429	0,1,2,4,6,9,11,14,16,17
10	430	1,2,5,6,8,11,12,13,14,17
10	431	1,3,4,5,7,10,12,13,14,18
10	432	0,1,2,3,5,7,11,14,18,19
10	433	1,4,6,10,11,12,13,15,16,18
10	434	1,2,3,8,10,13,14,16,18,19
10	435	0,1,4,5,8,10,12,15,17,19
10	436	2,6,7,11,12,13,14,15,16,17
10	437	1,2,3,5,6,7,10,12,16,17
10	438	0,1,3,5,8,11,14,15,16,19
10	439	0,1,2,7,8,10,11,14,16,19
10	440	1,3,4,5,7,8,9,14,15,17
10	441	1,2,4,6,10,11,13,14,17,18
10	442	0,1,2,4,5,8,11,14,16,17
10	443	2,5,6,8,10,13,14,16,17,19
10	444	2,3,6,7,8,9,10,14,16,17
10	445	0,5,6,7,12,13,14,15,16,17
10	446	0,1,2,4,5,9,10,14,16,19
10	447	0,1,2,4,7,11,12,13,14,19
10	448	3,4,6,8,9,11,13,16,18,19
10	449	0,2,3,4,5,6,7,10,17,18
10	450	1,2,3,4,6,7,9,13,15,16
10	451	0,1,3,5,6,9,11,13,15,17
10	452	2,3,7,8,9,10,11,15,17,18
10	453	1,2,3,4,5,7,11,13,14,16
10	454	0,3,8,9,11,12,14,15,18,19
10	455	3,6,7,8,11,13,14,16,17,19
10	456	0,3,4,5,7,10,11,12,14,18
10	457	0,1,3,6,9,10,11,13,14,15
10	458	2,4,9,13,14,15,16,17,18,19
10	459	0,5,10,11,12,13,15,16,17,19
10	460	3,5,7,9,10,13,14,16,17,18
10	461	0,3,4,7,9,13,14,15,17,18
10	462	2,3,5,6,7,14,15,16,17,18
10	463	0,2,3,7,8,9,10,13,16,17
10	464	0,4,6,7,12,13,16,17,18,19
10	465	0,3,7,8,9,10,12,13,15,17
10	466	2,3,5,6,7,8,9,13,16,18
10	467	0,6,7,8,10,11,12,15,16,18
10	468	3,4,6,8,9,11,12,15,18,19
10	469	0,1,2,3,4,5,9,10,14,17
10	470	0,2,3,4,7,11,12,14,15,17
10	471	2,7,8,11,12,13,14,15,17,19
10	472	0,1,3,5,6,7,9,10,15,19
10	473	0,2,5,6,7,8,13,15,17,19
10	474	0,2,6,8,10,11,12,16,17,18
10	475	0,1,4,5,7,10,11,14,15,17
10	476	1,4,5,6,7,11,12,13,15,17
10	477	0,2,4,6,8,9,12,13,17,19
10	478	0,1,2,3,8,11,13,14,16,18
10	479	0,1,2,9,10,11,12,14,16,17
15	0	0,3,5,6,7,8,9,11,13,14,15,16,17,18,19
15	1	0,1,2,3,5,8,9,10,13,14,15,16,17,18,19
15	2	0,1,2,3,6,7,9,10,12,13,15,16,17,18,19
15	3	2,3,4,5,6,7,8,9,10,11,12,14,16,17,19
15	4	0,1,2,3,4,5,7,8,9,10,11,12,13,15,16
15	5	0,1,2,3,5,6,7,9,10,12,13,14,17,18,19
15	6	0,1,2,3,6,10,11,12,13,14,15,16,17,18,19
15	7	0,1,2,4,5,6,9,10,11,12,13,14,15,17,19
15	8	2,3,4,7,8,9,10,11,12,13,14,15,17,18,19
15	9	0,1,2,3,4,5,6,7,8,10,12,14,16,17,19
15	10	0,1,2,3,4,5,6,7,8,10,12,14,15,18,19
15	11	0,1,2,4,6,8,9,11,12,13,15,16,17,18,19
15	12	0,2,4,5,7,8,9,10,11,12,13,14,15,17,19
15	13	0,1,2,6,7,9,11,12,13,14,15,16,17,18,19
15	14	0,1,2,3,4,6,7,8,10,11,12,14,16,17,19
15	15	1,2,3,6,8,9,10,11,12,13,15,16,17,18,19
15	16	1,3,4,5,6,7,8,10,11,12,14,15,16,17,18
15	17	0,1,2,3,4,7,8,9,10,11,13,14,15,16,19
15	18	1,2,3,4,5,7,8,10,11,13,14,16,17,18,19
15	19	0,2,3,5,7,8,9,10,11,12,14,15,16,17,18
15	20	0,1,3,4,5,7,10,11,12,13,14,16,17,18,19
15	21	0,1,2,6,8,9,10,11,12,13,14,15,16,18,19
15	22	0,1,3,4,5,6,7,8,10,12,13,14,15,16,19
15	23	1,2,3,4,5,7,10,11,12,13,14,15,16,18,19
15	24	1,2,5,6,7,8,9,10,11,13,14,16,17,18,19
15	25	0,1,3,5,8,10,11,12,13,14,15,16,17,18,19
15	26	0,1,2,3,4,6,9,10,11,12,13,14,16,17,19
15	27	1,2,3,4,5,6,8,9,10,12,13,14,15,18,19
15	28	0,1,2,3,5,6,7,8,9,11,12,13,14,15,16
15	29	3,4,5,6,7,8,11,12,13,14,15,16,17,18,19
15	30	0,3,4,5,6,7,8,9,10,12,13,14,15,17,18
15	31	0,1,4,5,6,7,8,9,10,12,14,15,16,17,18
15	32	1,2,3,4,5,7,9,10,11,13,14,15,16,17,18
15	33	0,2,3,4,5,6,8,9,10,11,12,13,15,17,19
15	34	0,1,2,3,4,6,8,9,11,13,14,15,16,17,18
15	35	1,2,4,5,6,9,10,11,12,13,14,15,17,18,19
15	36	0,2,3,5,6,7,8,10,12,13,15,16,17,18,19
15	37	0,1,2,4,6,7,8,9,10,11,12,14,15,18,19
15	38	0,1,3,4,5,6,7,9,10,11,12,14,16,17,18
15	39	0,3,5,6,8,9,10,11,13,14,15,16,17,18,19
15	40	0,1,3,4,5,6,7,8,9,12,15,16,17,18,19
15	41	0,1,2,3,5,7,8,11,12,13,14,15,16,18,19
15	42	0,1,4,5,6,7,8,9,12,14,15,16,17,18,19
15	43	0,1,2,3,4,5,6,9,10,12,13,14,16,17,18
15	44	0,1,2,3,4,6,8,9,10,11,12,13,14,15,18
15	45	0,2,3,4,5,6,7,9,10,12,13,14,17,18,19
15	46	0,1,2,3,4,5,7,8,9,10,11,12,13,17,18
15	47	0,1,2,3,5,6,7,8,10,11,12,13,16,18,19
15	48	0,1,3,5,7,8,10,11,12,13,14,15,16,17,18
15	49	1,2,3,4,5,6,7,8,10,11,12,13,14,18,19
15	50	2,3,4,5,6,8,9,12,13,14,15,16,17,18,19
15	51	0,2,3,4,5,7,8,9,10,11,12,13,14,15,16
15	52	1,3,5,6,8,9,10,11,12,13,15,16,17,18,19
15	53	0,1,2,3,5,6,10,11,12,13,14,15,16,17,18
15	54	0,1,2,3,4,7,8,9,11,12,13,14,16,18,19
15	55	0,1,3,4,6,8,9,10,11,12,13,15,16,17,19
15	56	0,1,2,3,4,5,6,7,10,11,12,13,16,17,18
15	57	1,2,4,5,7,8,9,10,11,13,14,16,17,18,19
15	58	0,1,2,3,4,5,6,8,10,11,12,14,15,17,19
15	59	0,1,3,4,5,6,8,10,11,12,15,16,17,18,19
15	60	0,1,4,5,6,7,8,9,10,11,12,15,16,18,19
15	61	0,1,2,4,5,6,8,9,10,11,12,15,17,18,19
15	62	0,4,6,7,8,9,10,12,13,14,15,16,17,18,19
15	63	0,1,2,5,6,7,8,10,11,12,13,15,16,18,19
15	64	1,2,3,5,6,7,9,11,12,13,14,15,17,18,19
15	65	0,1,3,4,6,7,8,10,12,13,14,15,16,18,19
15	66	0,1,2,4,6,7,9,10,11,12,13,14,17,18,19
15	67	0,1,2,4,5,6,7,8,9,11,12,13,14,15,18
15	68	0,2,3,4,5,6,7,8,9,10,11,12,15,16,17
15	69	0,1,2,3,4,5,7,8,10,13,15,16,17,18,19
15	70	0,1,2,3,4,5,9,11,12,13,14,15,16,18,19
15	71	0,1,2,4,5,7,10,11,12,14,15,16,17,18,19
15	72	0,1,2,3,6,8,9,10,12,13,15,16,17,18,19
15	73	0,1,2,3,4,5,6,7,9,10,14,15,16,18,19
15	74	0,1,2,3,4,5,6,7,8,9,11,13,17,18,19
15	75	0,1,2,3,6,7,8,10,11,12,13,14,17,18,19
15	76	0,1,3,5,6,7,8,9,10,11,13,16,17,18,19
15	77	2,3,4,5,6,7,8,11,12,13,14,16,17,18,19
15	78	0,1,2,4,5,8,9,11,12,13,14,15,16,17,18
15	79	1,3,4,5,6,7,8,9,11,12,13,14,15,16,18
15	80	0,1,2,5,7,9,10,11,12,13,14,15,16,18,19
15	81	1,2,3,4,7,8,9,11,13,14,15,16,17,18,19
15	82	0,1,3,5,6,7,9,10,12,13,14,15,16,17,18
15	83	0,1,3,4,5,7,8,10,12,13,14,16,17,18,19
15	84	0,1,3,4,6,7,8,9,10,11,13,14,15,16,19
15	85	0,1,2,4,5,6,7,9,10,11,12,14,15,18,19
15	86	0,1,4,5,6,7,8,9,10,12,13,14,16,17,19
15	87	0,1,2,4,6,7,10,11,12,13,14,15,16,18,19
15	88	0,1,2,3,5,6,7,8,9,10,11,12,13,14,18
15	89	0,1,2,4,5,7,8,9,13,14,15,16,17,18,19
15	90	2,3,4,5,7,8,9,10,12,14,15,16,17,18,19
15	91	0,2,3,4,5,6,7,8,9,10,12,14,15,16,17
15	92	0,1,2,3,4,8,9,10,11,13,14,15,16,17,18
15	93	0,1,2,3,6,7,8,9,10,11,13,15,16,17,19
15	94	0,1,2,3,4,5,7,8,9,10,12,13,15,16,19
15	95	0,1,2,3,6,7,8,9,10,13,14,15,16,18,19
15	96	0,1,4,5,7,8,9,10,11,13,15,16,17,18,19
15	97	1,2,3,4,5,8,9,11,13,14,15,16,17,18,19
15	98	1,2,4,5,6,7,8,10,12,13,14,15,16,17,19
15	99	1,2,3,4,5,6,7,8,9,10,11,12,13,14,18
15	100	0,1,2,3,4,5,6,8,10,11,12,14,16,17,19
15	101	0,1,3,5,6,7,9,10,11,13,14,15,16,18,19
15	102	0,2,3,4,5,6,9,10,11,12,13,15,16,18,19
15	103	0,1,2,3,4,5,6,9,10,11,14,16,17,18,19
15	104	0,1,2,3,4,5,7,8,9,11,13,14,16,17,18
15	105	0,1,2,3,4,5,6,7,8,10,11,12,16,17,19
15	106	1,2,3,4,5,6,7,9,10,12,13,14,16,17,18
15	107	0,1,2,4,5,6,8,9,11,12,13,14,15,16,17
15	108	0,1,2,4,5,7,8,11,12,13,14,15,16,18,19
15	109	1,2,4,5,6,7,8,10,11,12,13,14,15,16,18
15	110	0,1,2,3,4,8,9,10,11,13,14,15,16,17,19
15	111	0,1,2,4,6,7,8,10,12,13,14,15,16,17,19
15	112	0,1,2,4,6,7,8,10,11,12,14,15,16,18,19
15	113	0,1,3,4,5,8,9,10,11,12,13,15,17,18,19
15	114	0,1,3,4,7,8,9,10,11,13,14,15,17,18,19
15	115	0,1,3,4,5,7,8,10,12,13,14,15,17,18,19
15	116	0,3,4,5,6,7,9,10,11,12,14,15,16,17,19
15	117	2,3,4,6,7,9,10,11,12,13,14,15,16,18,19
15	118	0,1,2,3,4,6,8,10,12,13,14,15,16,17,18
15	119	0,2,3,4,6,8,9,10,11,12,13,15,16,17,19
15	120	2,4,5,6,7,8,9,10,11,12,13,14,15,17,19
15	121	0,1,2,3,5,6,8,9,10,13,14,15,17,18,19
15	122	0,2,3,4,5,6,7,9,10,11,13,14,15,17,19
15	123	0,1,2,3,4,5,6,7,9,10,11,12,15,17,18
15	124	0,1,3,4,5,6,7,8,9,13,14,15,17,18,19
15	125	0,2,3,6,7,8,9,10,11,12,14,15,16,17,18
15	126	0,1,2,3,4,5,6,7,8,9,12,13,14,17,18
15	127	1,2,3,5,7,8,9,10,11,12,13,14,17,18,19
15	128	0,1,2,3,4,5,6,7,10,12,13,14,16,17,19
15	129	0,2,3,4,5,6,7,8,9,10,11,12,14,15,17
15	130	0,1,3,4,7,8,9,11,12,14,15,16,17,18,19
15	131	0,1,2,3,4,5,7,8,10,11,13,15,16,17,18
15	132	1,2,3,4,5,6,7,8,11,12,13,14,15,16,18
15	133	2,4,5,6,7,9,10,11,12,13,14,15,16,17,19
15	134	1,2,3,4,6,7,8,9,10,11,12,13,17,18,19
15	135	0,1,2,3,4,6,7,8,10,11,12,13,14,16,17
15	136	2,3,6,8,9,10,11,12,13,14,15,16,17,18,19
15	137	0,3,4,6,7,8,9,10,11,12,13,15,16,17,18
15	138	1,2,3,4,5,6,7,8,9,10,11,12,15,18,19
15	139	0,1,3,6,7,8,9,11,12,13,14,15,16,17,18
15	140	0,1,2,3,5,6,7,8,9,10,11,13,15,17,18
15	141	0,2,3,4,5,6,7,8,10,13,14,15,16,17,18
15	142	0,1,5,6,7,9,10,11,13,14,15,16,17,18,19
15	143	0,1,2,3,4,5,8,11,13,14,15,16,17,18,19
15	144	0,1,2,3,4,5,7,8,10,12,14,15,16,18,19
15	145	0,1,3,5,7,8,9,10,11,13,14,15,16,17,18
15	146	0,3,4,5,6,7,9,10,11,12,14,16,17,18,19
15	147	0,1,2,3,4,5,7,8,9,10,11,13,16,17,18
15	148	0,1,2,3,4,5,6,7,8,10,11,12,14,15,19
15	149	0,1,2,3,5,6,8,9,10,12,14,16,17,18,19
15	150	1,2,3,4,6,8,9,10,11,12,13,14,16,17,18
15	151	0,2,4,5,6,8,9,11,12,14,15,16,17,18,19
15	152	0,1,2,3,4,8,9,10,11,13,15,16,17,18,19
15	153	0,1,2,4,6,7,8,9,11,13,14,15,17,18,19
15	154	0,1,2,3,4,8,9,10,11,12,13,14,15,18,19
15	155	0,2,3,4,5,7,8,9,10,11,12,14,15,17,19
15	156	0,1,2,3,4,6,7,8,10,11,12,13,16,18,19
15	157	0,1,2,4,5,6,7,10,11,12,13,16,17,18,19
15	158	3,4,5,6,7,8,9,10,11,12,14,16,17,18,19
15	159	1,2,3,4,6,7,8,9,11,12,14,15,16,17,19
15	160	0,1,3,4,5,6,8,9,11,12,14,15,16,18,19
15	161	0,1,2,4,6,7,8,9,10,13,14,15,17,18,19
15	162	0,1,2,4,6,7,9,10,11,12,13,14,15,17,19
15	163	0,1,3,4,5,6,7,8,9,12,13,14,15,16,19
15	164	0,1,2,4,5,6,7,8,9,10,11,15,16,18,19
15	165	0,1,2,3,4,5,7,8,10,12,13,14,15,16,17
15	166	0,1,2,3,4,5,6,8,9,12,13,14,17,18,19
15	167	1,2,3,4,5,6,7,8,9,10,12,13,16,17,18
15	168	0,2,3,4,5,8,9,10,11,12,13,15,17,18,19
15	169	2,4,5,6,8,9,10,11,13,14,15,16,17,18,19
15	170	0,1,2,3,4,5,7,8,9,10,11,14,16,17,18
15	171	0,1,2,4,5,6,8,9,11,12,13,15,16,18,19
15	172	0,4,5,7,8,10,11,12,13,14,15,16,17,18,19
15	173	1,5,6,7,9,10,11,12,13,14,15,16,17,18,19
15	174	0,2,4,5,6,7,8,9,11,12,13,14,15,17,19
15	175	0,1,2,3,4,5,6,8,9,12,13,15,16,18,19
15	176	1,4,5,6,7,8,10,12,13,14,15,16,17,18,19
15	177	1,2,3,4,5,6,9,11,12,13,14,15,17,18,19
15	178	0,1,2,5,6,7,8,10,11,12,13,14,16,17,19
15	179	0,1,2,4,5,6,7,8,9,11,12,15,16,18,19
15	180	1,2,3,5,6,8,9,10,12,13,14,16,17,18,19
15	181	1,3,4,5,6,9,10,11,12,13,14,15,16,17,18
15	182	0,1,2,5,6,7,9,10,11,13,14,16,17,18,19
15	183	0,1,3,4,7,8,9,12,13,14,15,16,17,18,19
15	184	0,1,2,3,5,6,7,8,9,10,11,12,13,14,15
15	185	0,1,3,4,5,6,7,8,10,12,13,15,16,17,19
15	186	0,1,2,3,4,6,7,10,11,12,13,15,16,18,19
15	187	0,1,3,5,6,7,8,9,10,13,14,15,16,17,18
15	188	0,2,3,4,5,7,8,9,10,11,13,14,15,17,18
15	189	1,2,3,4,5,7,8,9,11,12,14,15,17,18,19
15	190	1,2,3,6,7,8,9,10,11,12,13,14,15,16,19
15	191	0,2,4,5,6,7,8,9,10,11,12,13,14,16,19
15	192	1,2,3,4,5,6,7,10,13,14,15,16,17,18,19
15	193	2,3,5,7,9,10,11,12,13,14,15,16,17,18,19
15	194	1,3,4,5,6,7,8,11,12,14,15,16,17,18,19
15	195	0,1,2,3,4,5,7,8,9,10,11,14,17,18,19
15	196	3,4,5,7,8,9,10,11,12,13,14,16,17,18,19
15	197	0,1,3,5,7,8,9,10,11,14,15,16,17,18,19
15	198	0,1,2,4,5,6,7,8,9,10,11,12,16,17,19
15	199	1,3,5,6,8,10,11,12,13,14,15,16,17,18,19
15	200	1,2,3,4,6,8,9,10,12,13,14,15,17,18,19
15	201	0,2,3,4,5,7,9,10,11,12,13,14,15,17,18
15	202	1,3,4,6,7,8,10,11,12,13,14,15,16,18,19
15	203	1,2,3,4,6,7,8,9,10,11,13,14,15,16,17
15	204	1,2,3,4,5,6,8,9,12,13,14,15,16,17,19
15	205	0,2,3,5,6,7,8,10,11,13,14,15,16,17,19
15	206	1,2,3,5,6,8,10,11,12,14,15,16,17,18,19
15	207	0,1,2,3,4,5,6,7,8,10,12,15,17,18,19
15	208	0,2,4,5,6,8,11,12,13,14,15,16,17,18,19
15	209	1,2,3,4,7,8,9,10,11,12,13,14,16,18,19
15	210	0,1,2,3,4,6,10,11,12,13,14,15,16,17,19
15	211	0,1,2,4,6,7,8,12,13,14,15,16,17,18,19
15	212	0,2,4,5,6,7,8,9,11,12,13,14,15,17,18
15	213	0,1,2,3,4,5,6,9,10,11,13,15,16,17,18
15	214	0,1,3,4,5,6,9,10,11,12,14,16,17,18,19
15	215	0,2,4,5,6,8,10,11,12,13,14,15,16,18,19
15	216	0,1,2,3,4,5,7,8,9,13,15,16,17,18,19
15	217	0,1,3,4,5,8,9,10,11,12,13,15,16,17,18
15	218	0,1,2,3,8,9,10,12,13,14,15,16,17,18,19
15	219	0,2,3,4,6,7,8,9,10,11,12,13,14,16,19
15	220	0,1,3,4,5,6,8,9,10,13,15,16,17,18,19
15	221	0,1,2,3,4,5,6,8,9,10,11,12,13,15,16
15	222	0,1,2,3,5,6,9,10,11,12,14,15,17,18,19
15	223	1,2,3,4,6,7,8,10,11,12,14,15,16,18,19
15	224	1,2,3,5,6,8,9,11,13,14,15,16,17,18,19
15	225	0,1,4,5,6,9,10,11,12,13,14,15,17,18,19
15	226	0,1,2,3,4,8,9,10,11,12,13,14,17,18,19
15	227	0,2,3,4,5,6,7,9,11,12,14,16,17,18,19
15	228	0,3,4,5,6,8,9,10,12,13,14,15,17,18,19
15	229	0,1,3,4,5,6,7,8,9,10,13,14,16,17,18
15	230	0,1,2,3,4,6,8,9,10,11,12,14,16,17,18
15	231	0,1,3,4,5,6,7,8,9,10,12,14,15,17,19
15	232	0,1,2,5,7,8,9,10,11,12,14,15,16,17,18
15	233	0,2,3,5,6,7,8,9,11,12,13,14,15,16,17
15	234	0,1,4,5,6,8,9,10,12,13,14,15,16,18,19
15	235	1,2,3,4,5,6,7,8,9,11,12,13,14,18,19
15	236	0,2,3,4,5,6,7,8,9,11,12,15,17,18,19
15	237	0,1,3,4,5,6,7,8,9,10,15,16,17,18,19
15	238	0,1,3,5,6,7,8,10,11,12,13,16,17,18,19
15	239	0,3,4,5,6,7,8,9,10,13,14,15,17,18,19
15	240	1,2,3,4,5,6,7,8,9,12,13,16,17,18,19
15	241	0,1,2,4,5,7,8,9,10,11,12,16,17,18,19
15	242	0,1,2,3,4,6,7,9,10,11,12,13,14,16,17
15	243	0,3,4,6,7,8,9,10,11,13,14,15,16,17,18
15	244	0,1,2,3,4,5,6,8,9,10,11,15,16,17,18
15	245	1,2,3,5,7,8,10,11,12,13,14,15,16,17,18
15	246	0,1,2,3,5,6,7,8,9,10,11,14,15,16,18
15	247	0,1,2,3,4,5,6,7,9,12,14,15,17,18,19
15	248	0,2,3,5,6,7,8,9,12,13,14,15,16,17,18
15	249	0,1,2,3,4,5,6,7,8,10,14,16,17,18,19
15	250	0,1,2,4,5,7,9,11,12,14,15,16,17,18,19
15	251	0,1,3,5,7,8,9,10,11,12,14,15,16,18,19
15	252	0,3,4,5,6,7,8,9,10,11,12,14,16,18,19
15	253	0,1,3,4,5,7,8,9,10,11,12,14,16,17,18
15	254	2,3,4,6,7,9,10,11,12,14,15,16,17,18,19
15	255	0,1,2,3,4,5,6,7,8,9,11,12,15,16,18
15	256	0,1,2,3,5,6,7,9,11,14,15,16,17,18,19
15	257	0,1,2,3,4,7,8,10,11,12,13,14,15,16,18
15	258	0,1,2,3,4,5,6,7,8,9,11,13,14,16,19
15	259	0,1,4,5,7,8,9,10,11,12,13,15,16,18,19
15	260	1,2,4,5,7,8,9,11,12,13,15,16,17,18,19
15	261	0,2,3,4,5,6,7,8,9,11,12,14,15,16,18
15	262	3,4,5,7,8,10,11,12,13,14,15,16,17,18,19
15	263	1,3,4,6,7,8,10,12,13,14,15,16,17,18,19
15	264	0,1,2,3,4,6,7,8,9,12,13,14,16,17,19
15	265	0,1,3,4,5,6,7,8,9,12,13,14,16,17,18
15	266	0,1,2,3,4,5,8,10,11,12,13,14,15,17,19
15	267	0,2,3,5,6,7,8,9,10,12,15,16,17,18,19
15	268	0,1,2,4,5,6,7,8,12,13,14,15,16,17,19
15	269	0,1,3,4,5,7,9,12,13,14,15,16,17,18,19
15	270	0,3,4,7,8,9,10,11,12,13,14,15,16,17,19
15	271	0,2,3,4,5,6,7,10,11,12,13,14,16,17,19
15	272	0,2,3,4,6,7,8,9,10,12,14,16,17,18,19
15	273	0,1,3,4,5,6,7,10,11,12,13,15,16,17,19
15	274	1,2,4,5,6,7,10,11,12,13,15,16,17,18,19
15	275	0,2,3,5,6,7,8,9,11,13,14,16,17,18,19
15	276	1,2,3,5,6,7,9,10,11,12,13,15,17,18,19
15	277	0,2,4,5,6,7,9,10,12,13,15,16,17,18,19
15	278	0,1,3,4,5,6,7,8,10,11,13,15,16,17,19
15	279	0,1,3,4,5,6,7,8,9,11,12,13,14,17,19
15	280	1,2,4,5,6,7,9,11,12,13,14,15,16,18,19
15	281	0,2,3,4,5,6,7,8,10,11,12,13,14,16,19
15	282	1,3,4,6,7,9,10,11,12,13,15,16,17,18,19
15	283	1,2,3,5,6,7,8,9,11,12,13,14,16,18,19
15	284	0,1,3,4,5,6,7,8,9,10,11,13,14,17,18
15	285	0,1,2,3,5,7,8,11,12,13,14,15,16,17,18
15	286	0,1,2,4,5,6,8,9,10,11,12,14,16,17,18
15	287	0,3,4,7,8,9,10,11,12,13,14,16,17,18,19
15	288	0,1,3,4,5,6,7,8,11,12,13,14,16,17,19
15	289	0,3,4,5,6,7,9,10,12,13,14,15,17,18,19
15	290	0,2,3,4,5,6,7,8,9,13,14,15,17,18,19
15	291	0,1,2,3,4,7,8,9,10,11,12,13,14,15,19
15	292	1,2,3,4,5,7,8,9,10,12,13,15,16,17,19
15	293	1,2,3,4,5,6,7,8,9,10,12,13,14,16,17
15	294	0,1,2,3,4,5,6,8,9,10,11,13,16,18,19
15	295	0,1,2,3,4,5,6,7,8,9,10,11,12,14,16
15	296	0,3,4,5,9,10,11,12,13,14,15,16,17,18,19
15	297	0,1,2,3,5,7,8,9,10,11,12,15,17,18,19
15	298	0,1,2,3,4,6,7,8,10,11,13,14,15,16,17
15	299	0,1,2,3,4,5,7,9,10,11,12,14,15,18,19
15	300	0,1,2,3,4,5,6,7,8,10,11,12,13,14,17
15	301	0,1,2,3,6,7,8,9,10,13,14,15,17,18,19
15	302	1,3,5,7,8,10,11,12,13,14,15,16,17,18,19
15	303	0,1,3,4,7,9,10,11,12,13,14,15,16,18,19
15	304	0,1,3,4,5,6,7,9,10,11,12,14,16,17,18
15	305	0,2,3,5,6,7,8,9,11,13,14,15,16,17,18
15	306	1,2,3,4,6,7,8,9,10,11,12,14,16,17,19
15	307	1,2,4,7,8,9,10,11,12,13,15,16,17,18,19
15	308	1,2,3,4,5,6,7,8,9,12,14,15,16,17,18
15	309	1,2,3,4,5,6,8,9,11,12,13,14,15,16,17
15	310	1,2,3,4,5,7,8,9,10,11,13,15,16,17,19
15	311	0,2,3,4,6,7,8,9,10,11,15,16,17,18,19
15	312	0,3,4,6,7,8,9,10,11,13,14,15,16,18,19
15	313	0,1,3,4,5,6,7,8,9,11,12,13,15,17,18
15	314	0,1,2,3,5,6,7,9,10,13,15,16,17,18,19
15	315	0,1,3,5,6,8,10,11,12,14,15,16,17,18,19
15	316	0,2,5,6,7,8,10,11,12,13,15,16,17,18,19
15	317	0,1,3,4,6,7,8,9,10,11,12,14,16,17,19
15	318	0,1,6,7,8,9,10,11,12,13,14,15,16,18,19
15	319	0,2,4,5,6,7,8,10,11,12,13,16,17,18,19
15	320	0,2,3,5,6,7,8,9,11,12,13,15,17,18,19
15	321	0,1,3,4,5,6,7,8,9,11,12,13,17,18,19
15	322	0,1,2,3,4,5,6,8,11,12,13,14,17,18,19
15	323	3,4,5,6,7,8,9,10,11,13,14,15,16,17,18
15	324	0,1,2,4,6,8,9,11,12,13,14,16,17,18,19
15	325	0,1,2,3,4,5,6,8,9,10,11,14,15,17,19
15	326	0,1,2,3,4,5,7,8,9,10,13,14,15,16,19
15	327	0,1,2,3,5,6,8,9,10,11,14,15,16,18,19
15	328	2,3,5,6,7,8,9,10,11,12,15,16,17,18,19
15	329	1,2,3,5,7,8,9,10,12,13,14,15,16,18,19
15	330	1,2,3,4,5,7,8,9,10,12,13,14,17,18,19
15	331	0,1,2,4,5,6,7,9,10,11,12,16,17,18,19
15	332	0,3,5,6,7,8,9,10,11,12,13,15,16,17,18
15	333	0,1,2,4,5,6,7,8,9,10,11,13,14,15,19
15	334	0,2,3,5,6,7,8,10,11,12,13,14,15,17,19
15	335	0,1,4,5,7,8,9,10,11,12,13,14,15,18,19
15	336	0,1,3,4,7,8,9,10,11,12,13,16,17,18,19
15	337	0,1,2,4,5,6,7,8,11,13,14,15,16,17,18
15	338	1,2,4,6,7,8,10,11,12,14,15,16,17,18,19
15	339	0,1,2,4,5,7,8,9,11,12,13,14,15,18,19
15	340	0,1,2,3,4,5,7,9,10,12,13,14,16,17,19
15	341	0,1,2,3,4,8,9,11,12,13,15,16,17,18,19
15	342	0,1,2,3,4,5,6,7,8,10,11,14,15,17,18
15	343	0,1,2,3,4,6,7,8,9,13,14,15,16,17,18
15	344	0,1,2,3,4,5,6,7,9,12,13,14,15,16,17
15	345	0,1,3,5,6,7,10,11,12,13,14,15,16,17,19
15	346	0,1,4,5,6,7,8,9,10,11,13,14,16,17,19
15	347	0,1,5,7,8,9,10,11,12,13,14,15,16,17,18
15	348	0,2,4,6,7,8,9,11,13,14,15,16,17,18,19
15	349	0,2,3,4,5,6,7,9,10,11,12,14,17,18,19
15	350	0,1,3,4,6,8,9,10,12,13,14,15,16,17,18
15	351	0,1,2,3,4,5,8,10,11,13,14,15,16,17,19
15	352	0,1,3,4,5,6,7,8,10,11,13,14,17,18,19
15	353	0,1,3,4,5,8,10,11,12,13,14,15,16,17,18
15	354	0,1,2,3,5,6,7,8,9,10,11,13,15,16,18
15	355	0,1,2,3,4,5,6,8,9,10,12,13,14,15,18
15	356	0,2,3,4,6,7,8,10,11,12,13,14,15,16,18
15	357	1,3,4,5,6,7,8,9,10,11,12,13,14,17,18
15	358	0,1,2,3,5,7,8,10,11,13,14,15,16,17,18
15	359	0,1,5,6,7,8,9,10,11,13,14,16,17,18,19
15	360	2,3,4,5,6,7,8,9,10,12,13,14,17,18,19
15	361	0,2,3,4,5,7,8,9,10,11,12,13,14,16,19
15	362	2,3,4,5,6,8,10,12,13,14,15,16,17,18,19
15	363	0,1,4,5,6,7,10,11,12,13,14,15,17,18,19
15	364	0,1,2,4,5,6,8,10,11,12,14,15,16,17,19
15	365	0,1,4,5,8,9,10,12,13,14,15,16,17,18,19
15	366	0,2,4,5,8,9,10,11,12,13,14,15,16,17,19
15	367	0,1,2,3,5,6,7,8,9,11,12,13,14,15,19
15	368	0,1,2,3,4,6,8,9,10,12,14,15,16,17,18
15	369	0,1,2,4,6,7,8,10,11,13,14,16,17,18,19
15	370	0,1,4,5,6,8,9,10,11,12,13,14,15,17,18
15	371	1,2,3,5,6,7,8,10,11,13,15,16,17,18,19
15	372	1,2,3,4,5,7,8,9,11,12,13,14,15,18,19
15	373	0,1,2,3,5,6,8,9,11,12,15,16,17,18,19
15	374	1,2,4,5,7,8,9,10,11,12,13,14,16,17,18
15	375	0,2,3,5,6,9,11,12,13,14,15,16,17,18,19
15	376	0,1,2,3,5,6,8,9,10,11,13,14,15,17,18
15	377	2,3,4,5,6,7,8,9,10,13,14,15,16,18,19
15	378	0,1,3,4,5,6,7,8,10,11,13,14,17,18,19
15	379	0,1,2,3,4,5,6,7,8,10,11,15,16,17,18
15	380	0,2,3,4,7,8,9,10,11,12,13,15,16,17,19
15	381	0,1,3,4,6,7,8,9,10,12,13,14,15,16,17
15	382	0,1,2,3,4,5,6,8,9,10,12,14,15,17,19
15	383	0,1,3,4,5,6,7,8,9,10,11,12,13,15,17
15	384	0,1,2,3,6,8,9,10,11,12,13,14,16,17,19
15	385	0,1,2,3,4,5,7,8,9,10,11,12,13,16,17
15	386	1,2,3,4,6,7,8,9,12,14,15,16,17,18,19
15	387	0,1,2,3,4,5,8,9,10,12,13,14,16,17,18
15	388	1,2,5,6,7,8,9,12,13,14,15,16,17,18,19
15	389	0,2,3,5,6,7,9,10,12,13,14,15,16,17,19
15	390	1,4,5,6,7,8,9,10,11,13,15,16,17,18,19
15	391	0,1,2,3,4,5,6,8,9,10,15,16,17,18,19
15	392	2,4,6,8,9,10,11,12,13,14,15,16,17,18,19
15	393	0,1,3,4,5,6,7,10,11,12,13,14,16,18,19
15	394	0,1,2,4,5,6,7,9,10,11,14,16,17,18,19
15	395	0,1,2,4,5,6,7,8,10,11,14,16,17,18,19
15	396	0,2,3,4,6,9,11,12,13,14,15,16,17,18,19
15	397	1,3,4,5,6,7,8,9,10,11,13,14,15,17,18
15	398	0,2,4,6,7,8,9,10,11,12,13,15,17,18,19
15	399	0,1,2,4,5,6,7,8,10,11,14,15,16,17,18
15	400	0,1,2,4,5,6,7,8,10,13,14,15,16,18,19
15	401	0,1,2,4,5,6,9,10,11,12,13,15,16,18,19
15	402	0,1,2,3,5,6,7,8,9,10,11,12,14,18,19
15	403	1,3,5,6,7,8,11,12,13,14,15,16,17,18,19
15	404	1,2,3,4,5,7,8,9,11,12,13,14,15,17,18
15	405	0,2,4,5,7,8,10,11,12,13,14,15,16,18,19
15	406	0,1,3,4,6,7,8,10,11,12,13,15,16,17,19
15	407	0,1,2,3,4,5,6,10,12,14,15,16,17,18,19
15	408	0,1,2,3,4,5,9,11,12,13,14,15,17,18,19
15	409	1,2,3,4,5,6,7,11,12,13,14,15,17,18,19
15	410	0,3,4,5,6,7,8,10,11,13,14,15,16,17,18
15	411	0,1,2,5,6,7,8,12,13,14,15,16,17,18,19
15	412	0,1,2,3,5,6,7,8,10,12,13,14,15,16,17
15	413	1,2,4,5,6,7,9,10,13,14,15,16,17,18,19
15	414	0,1,2,3,4,5,6,7,9,10,11,12,13,14,16
15	415	1,3,4,5,6,7,8,11,13,14,15,16,17,18,19
15	416	0,1,2,3,4,6,7,8,9,11,12,14,15,18,19
15	417	0,2,3,5,6,7,8,9,10,11,12,15,16,18,19
15	418	0,3,4,6,7,8,9,10,12,14,15,16,17,18,19
15	419	0,1,3,4,7,8,9,12,13,14,15,16,17,18,19
15	420	0,2,3,4,6,7,8,9,10,12,13,14,16,17,18
15	421	0,2,4,5,6,7,9,10,11,12,13,15,17,18,19
15	422	1,2,4,5,6,7,8,9,11,12,13,14,15,16,18
15	423	1,2,3,5,7,9,10,11,12,13,14,15,16,17,19
15	424	2,3,4,5,6,7,8,10,11,12,14,15,16,17,19
15	425	0,1,3,4,5,6,7,8,9,10,11,13,14,16,17
15	426	0,3,4,5,7,8,9,10,11,12,13,14,16,17,19
15	427	0,1,3,4,5,7,8,9,10,13,14,15,17,18,19
15	428	0,2,3,4,5,7,8,10,11,12,13,14,17,18,19
15	429	0,1,2,3,4,6,8,9,10,11,13,14,16,17,18
15	430	1,2,5,6,7,8,10,11,12,13,14,15,17,18,19
15	431	0,1,3,4,5,7,8,10,11,12,13,14,15,18,19
15	432	0,1,2,3,4,5,6,7,11,14,15,16,17,18,19
15	433	0,1,4,5,6,8,10,11,12,13,14,15,16,18,19
15	434	0,1,2,3,7,8,9,10,11,13,14,16,17,18,19
15	435	0,1,2,3,4,5,6,7,8,9,10,12,15,17,19
15	436	1,2,3,5,6,7,11,12,13,14,15,16,17,18,19
15	437	1,2,3,4,5,6,7,8,10,11,12,13,14,16,17
15	438	0,1,3,4,5,6,8,9,10,11,14,15,16,18,19
15	439	0,1,2,3,7,8,9,10,11,12,13,14,16,18,19
15	440	1,2,3,4,5,6,7,8,9,10,11,14,15,17,18
15	441	0,1,2,4,6,10,11,12,13,14,15,16,17,18,19
15	442	0,1,2,4,5,7,8,9,10,11,13,14,15,16,17
15	443	0,2,5,6,7,8,9,10,11,13,14,16,17,18,19
15	444	0,2,3,5,6,7,8,9,10,12,13,14,16,17,19
15	445	0,1,3,4,5,6,7,8,12,13,14,15,16,17,18
15	446	0,1,2,3,4,5,6,8,9,10,11,13,14,16,19
15	447	0,1,2,3,4,5,6,7,11,12,13,14,15,16,19
15	448	1,2,3,4,6,8,9,10,11,13,14,15,16,18,19
15	449	0,2,3,4,5,6,7,8,9,10,11,15,16,17,18
15	450	0,1,2,3,4,6,7,9,11,12,13,15,16,18,19
15	451	0,1,3,4,5,6,7,8,9,10,11,12,13,15,17
15	452	1,2,3,6,7,8,9,10,11,13,15,16,17,18,19
15	453	1,2,3,4,5,6,7,8,11,13,14,16,17,18,19
15	454	0,1,3,4,6,7,8,9,11,12,14,15,16,18,19
15	455	1,3,4,6,7,8,9,10,11,13,14,15,16,17,19
15	456	0,1,3,4,5,7,8,9,10,11,12,13,14,16,18
15	457	0,1,2,3,4,6,9,10,11,12,13,14,15,18,19
15	458	2,3,4,8,9,10,11,12,13,14,15,16,17,18,19
15	459	0,2,5,7,8,10,11,12,13,14,15,16,17,18,19
15	460	1,3,4,5,6,7,9,10,11,13,14,16,17,18,19
15	461	0,3,4,7,8,9,10,11,13,14,15,16,17,18,19
15	462	0,1,2,3,4,5,6,7,10,11,14,15,16,17,18
15	463	0,2,3,6,7,8,9,10,12,13,14,16,17,18,19
15	464	0,1,3,4,5,6,7,8,12,13,15,16,17,18,19
15	465	0,2,3,7,8,9,10,11,12,13,15,16,17,18,19
15	466	2,3,4,5,6,7,8,9,12,13,14,15,16,17,18
15	467	0,3,5,6,7,8,10,11,12,14,15,16,17,18,19
15	468	1,3,4,5,6,7,8,9,11,12,13,15,16,18,19
15	469	0,1,2,3,4,5,6,7,9,10,12,13,14,17,19
15	470	0,2,3,4,6,7,8,10,11,12,14,15,16,17,18
15	471	1,2,5,6,7,8,9,11,12,13,14,15,17,18,19
15	472	0,1,2,3,5,6,7,8,9,10,11,12,14,15,19
15	473	0,1,2,3,4,5,6,7,8,10,11,13,15,17,19
15	474	0,1,2,3,5,6,7,8,10,11,12,16,17,18,19
15	475	0,1,2,4,5,6,7,10,11,12,14,15,17,18,19
15	476	0,1,3,4,5,6,7,9,11,12,13,14,15,17,19
15	477	0,2,3,4,6,7,8,9,11,12,13,15,16,17,19
15	478	0,1,2,3,6,7,8,9,11,12,13,14,16,17,18
15	479	0,1,2,3,4,6,7,9,10,11,12,13,14,16,17
20	0	0,1,2,3,4,5,6,7,8,9,10,11,12,13,14,15,16,17,18,19
20	1	0,1,2,3,4,5,6,7,8,9,10,11,12,13,14,15,16,17,18,19
20	2	0,1,2,3,4,5,6,7,8,9,10,11,12,13,14,15,16,17,18,19
20	3	0,1,2,3,4,5,6,7,8,9,10,11,12,13,14,15,16,17,18,19
20	4	0,1,2,3,4,5,6,7,8,9,10,11,12,13,14,15,16,17,18,19
20	5	0,1,2,3,4,5,6,7,8,9,10,11,12,13,14,15,16,17,18,19
20	6	0,1,2,3,4,5,6,7,8,9,10,11,12,13,14,15,16,17,18,19
20	7	0,1,2,3,4,5,6,7,8,9,10,11,12,13,14,15,16,17,18,19
20	8	0,1,2,3,4,5,6,7,8,9,10,11,12,13,14,15,16,17,18,19
20	9	0,1,2,3,4,5,6,7,8,9,10,11,12,13,14,15,16,17,18,19
20	10	0,1,2,3,4,5,6,7,8,9,10,11,12,13,14,15,16,17,18,19
20	11	0,1,2,3,4,5,6,7,8,9,10,11,12,13,14,15,16,17,18,19
20	12	0,1,2,3,4,5,6,7,8,9,10,11,12,13,14,15,16,17,18,19
20	13	0,1,2,3,4,5,6,7,8,9,10,11,12,13,14,15,16,17,18,19
20	14	0,1,2,3,4,5,6,7,8,9,10,11,12,13,14,15,16,17,18,19
20	15	0,1,2,3,4,5,6,7,8,9,10,11,12,13,14,15,16,17,18,19
20	16	0,1,2,3,4,5,6,7,8,9,10,11,12,13,14,15,16,17,18,19
20	17	0,1,2,3,4,5,6,7,8,9,10,11,12,13,14,15,16,17,18,19
20	18	0,1,2,3,4,5,6,7,8,9,10,11,12,13,14,15,16,17,18,19
20	19	0,1,2,3,4,5,6,7,8,9,10,11,12,13,14,15,16,17,18,19
20	20	0,1,2,3,4,5,6,7,8,9,10,11,12,13,14,15,16,17,18,19
20	21	0,1,2,3,4,5,6,7,8,9,10,11,12,13,14,15,16,17,18,19
20	22	0,1,2,3,4,5,6,7,8,9,10,11,12,13,14,15,16,17,18,19
20	23	0,1,2,3,4,5,6,7,8,9,10,11,12,13,14,15,16,17,18,19
20	24	0,1,2,3,4,5,6,7,8,9,10,11,12,13,14,15,16,17,18,19
20	25	0,1,2,3,4,5,6,7,8,9,10,11,12,13,14,15,16,17,18,19
20	26	0,1,2,3,4,5,6,7,8,9,10,11,12,13,14,15,16,17,18,19
20	27	0,1,2,3,4,5,6,7,8,9,10,11,12,13,14,15,16,17,18,19
20	28	0,1,2,3,4,5,6,7,8,9,10,11,12,13,14,15,16,17,18,19
20	29	0,1,2,3,4,5,6,7,8,9,10,11,12,13,14,15,16,17,18,19
20	30	0,1,2,3,4,5,6,7,8,9,10,11,12,13,14,15,16,17,18,19
20	31	0,1,2,3,4,5,6,7,8,9,10,11,12,13,14,15,16,17,18,19
20	32	0,1,2,3,4,5,6,7,8,9,10,11,12,13,14,15,16,17,18,19
20	33	0,1,2,3,4,5,6,7,8,9,10,11,12,13,14,15,16,17,18,19
20	34	0,1,2,3,4,5,6,7,8,9,10,11,12,13,14,15,16,17,18,19
20	35	0,1,2,3,4,5,6,7,8,9,10,11,12,13,14,15,16,17,18,19
20	36	0,1,2,3,4,5,6,7,8,9,10,11,12,13,14,15,16,17,18,19
20	37	0,1,2,3,4,5,6,7,8,9,10,11,12,13,14,15,16,17,18,19
20	38	0,1,2,3,4,5,6,7,8,9,10,11,12,13,14,15,16,17,18,19
20	39	0,1,2,3,4,5,6,7,8,9,10,11,12,13,14,15,16,17,18,19
20	40	0,1,2,3,4,5,6,7,8,9,10,11,12,13,14,15,16,17,18,19
20	41	0,1,2,3,4,5,6,7,8,9,10,11,12,13,14,15,16,17,18,19
20	42	0,1,2,3,4,5,6,7,8,9,10,11,12,13,14,15,16,17,18,19
20	43	0,1,2,3,4,5,6,7,8,9,10,11,12,13,14,15,16,17,18,19
20	44	0,1,2,3,4,5,6,7,8,9,10,11,12,13,14,15,16,17,18,19
20	45	0,1,2,3,4,5,6,7,8,9,10,11,12,13,14,15,16,17,18,19
20	46	0,1,2,3,4,5,6,7,8,9,10,11,12,13,14,15,16,17,18,19
20	47	0,1,2,3,4,5,6,7,8,9,10,11,12,13,14,15,16,17,18,19
20	48	0,1,2,3,4,5,6,7,8,9,10,11,12,13,14,15,16,17,18,19
20	49	0,1,2,3,4,5,6,7,8,9,10,11,12,13,14,15,16,17,18,19
20	50	0,1,2,3,4,5,6,7,8,9,10,11,12,13,14,15,16,17,18,19
20	51	0,1,2,3,4,5,6,7,8,9,10,11,12,13,14,15,16,17,18,19
20	52	0,1,2,3,4,5,6,7,8,9,10,11,12,13,14,15,16,17,18,19
20	53	0,1,2,3,4,5,6,7,8,9,10,11,12,13,14,15,16,17,18,19
20	54	0,1,2,3,4,5,6,7,8,9,10,11,12,13,14,15,16,17,18,19
20	55	0,1,2,3,4,5,6,7,8,9,10,11,12,13,14,15,16,17,18,19
20	56	0,1,2,3,4,5,6,7,8,9,10,11,12,13,14,15,16,17,18,19
20	57	0,1,2,3,4,5,6,7,8,9,10,11,12,13,14,15,16,17,18,19
20	58	0,1,2,3,4,5,6,7,8,9,10,11,12,13,14,15,16,17,18,19
20	59	0,1,2,3,4,5,6,7,8,9,10,11,12,13,14,15,16,17,18,19
20	60	0,1,2,3,4,5,6,7,8,9,10,11,12,13,14,15,16,17,18,19
20	61	0,1,2,3,4,5,6,7,8,9,10,11,12,13,14,15,16,17,18,19
20	62	0,1,2,3,4,5,6,7,8,9,10,11,12,13,14,15,16,17,18,19
20	63	0,1,2,3,4,5,6,7,8,9,10,11,12,13,14,15,16,17,18,19
20	64	0,1,2,3,4,5,6,7,8,9,10,11,12,13,14,15,16,17,18,19
20	65	0,1,2,3,4,5,6,7,8,9,10,11,12,13,14,15,16,17,18,19
20	66	0,1,2,3,4,5,6,7,8,9,10,11,12,13,14,15,16,17,18,19
20	67	0,1,2,3,4,5,6,7,8,9,10,11,12,13,14,15,16,17,18,19
20	68	0,1,2,3,4,5,6,7,8,9,10,11,12,13,14,15,16,17,18,19
20	69	0,1,2,3,4,5,6,7,8,9,10,11,12,13,14,15,16,17,18,19
20	70	0,1,2,3,4,5,6,7,8,9,10,11,12,13,14,15,16,17,18,19
20	71	0,1,2,3,4,5,6,7,8,9,10,11,12,13,14,15,16,17,18,19
20	72	0,1,2,3,4,5,6,7,8,9,10,11,12,13,14,15,16,17,18,19
20	73	0,1,2,3,4,5,6,7,8,9,10,11,12,13,14,15,16,17,18,19
20	74	0,1,2,3,4,5,6,7,8,9,10,11,12,13,14,15,16,17,18,19
20	75	0,1,2,3,4,5,6,7,8,9,10,11,12,13,14,15,16,17,18,19
20	76	0,1,2,3,4,5,6,7,8,9,10,11,12,13,14,15,16,17,18,19
20	77	0,1,2,3,4,5,6,7,8,9,10,11,12,13,14,15,16,17,18,19
20	78	0,1,2,3,4,5,6,7,8,9,10,11,12,13,14,15,16,17,18,19
20	79	0,1,2,3,4,5,6,7,8,9,10,11,12,13,14,15,16,17,18,19
20	80	0,1,2,3,4,5,6,7,8,9,10,11,12,13,14,15,16,17,18,19
20	81	0,1,2,3,4,5,6,7,8,9,10,11,12,13,14,15,16,17,18,19
20	82	0,1,2,3,4,5,6,7,8,9,10,11,12,13,14,15,16,17,18,19
20	83	0,1,2,3,4,5,6,7,8,9,10,11,12,13,14,15,16,17,18,19
20	84	0,1,2,3,4,5,6,7,8,9,10,11,12,13,14,15,16,17,18,19
20	85	0,1,2,3,4,5,6,7,8,9,10,11,12,13,14,15,16,17,18,19
20	86	0,1,2,3,4,5,6,7,8,9,10,11,12,13,14,15,16,17,18,19
20	87	0,1,2,3,4,5,6,7,8,9,10,11,12,13,14,15,16,17,18,19
20	88	0,1,2,3,4,5,6,7,8,9,10,11,12,13,14,15,16,17,18,19
20	89	0,1,2,3,4,5,6,7,8,9,10,11,12,13,14,15,16,17,18,19
20	90	0,1,2,3,4,5,6,7,8,9,10,11,12,13,14,15,16,17,18,19
20	91	0,1,2,3,4,5,6,7,8,9,10,11,12,13,14,15,16,17,18,19
20	92	0,1,2,3,4,5,6,7,8,9,10,11,12,13,14,15,16,17,18,19
20	93	0,1,2,3,4,5,6,7,8,9,10,11,12,13,14,15,16,17,18,19
20	94	0,1,2,3,4,5,6,7,8,9,10,11,12,13,14,15,16,17,18,19
20	95	0,1,2,3,4,5,6,7,8,9,10,11,12,13,14,15,16,17,18,19
20	96	0,1,2,3,4,5,6,7,8,9,10,11,12,13,14,15,16,17,18,19
20	97	0,1,2,3,4,5,6,7,8,9,10,11,12,13,14,15,16,17,18,19
20	98	0,1,2,3,4,5,6,7,8,9,10,11,12,13,14,15,16,17,18,19
20	99	0,1,2,3,4,5,6,7,8,9,10,11,12,13,14,15,16,17,18,19
20	100	0,1,2,3,4,5,6,7,8,9,10,11,12,13,14,15,16,17,18,19
20	101	0,1,2,3,4,5,6,7,8,9,10,11,12,13,14,15,16,17,18,19
20	102	0,1,2,3,4,5,6,7,8,9,10,11,12,13,14,15,16,17,18,19
20	103	0,1,2,3,4,5,6,7,8,9,10,11,12,13,14,15,16,17,18,19
20	104	0,1,2,3,4,5,6,7,8,9,10,11,12,13,14,15,16,17,18,19
20	105	0,1,2,3,4,5,6,7,8,9,10,11,12,13,14,15,16,17,18,19
20	106	0,1,2,3,4,5,6,7,8,9,10,11,12,13,14,15,16,17,18,19
20	107	0,1,2,3,4,5,6,7,8,9,10,11,12,13,14,15,16,17,18,19
20	108	0,1,2,3,4,5,6,7,8,9,10,11,12,13,14,15,16,17,18,19
20	109	0,1,2,3,4,5,6,7,8,9,10,11,12,13,14,15,16,17,18,19
20	110	0,1,2,3,4,5,6,7,8,9,10,11,12,13,14,15,16,17,18,19
20	111	0,1,2,3,4,5,6,7,8,9,10,11,12,13,14,15,16,17,18,19
20	112	0,1,2,3,4,5,6,7,8,9,10,11,12,13,14,15,16,17,18,19
20	113	0,1,2,3,4,5,6,7,8,9,10,11,12,13,14,15,16,17,18,19
20	114	0,1,2,3,4,5,6,7,8,9,10,11,12,13,14,15,16,17,18,19
20	115	0,1,2,3,4,5,6,7,8,9,10,11,12,13,14,15,16,17,18,19
20	116	0,1,2,3,4,5,6,7,8,9,10,11,12,13,14,15,16,17,18,19
20	117	0,1,2,3,4,5,6,7,8,9,10,11,12,13,14,15,16,17,18,19
20	118	0,1,2,3,4,5,6,7,8,9,10,11,12,13,14,15,16,17,18,19
20	119	0,1,2,3,4,5,6,7,8,9,10,11,12,13,14,15,16,17,18,19
20	120	0,1,2,3,4,5,6,7,8,9,10,11,12,13,14,15,16,17,18,19
20	121	0,1,2,3,4,5,6,7,8,9,10,11,12,13,14,15,16,17,18,19
20	122	0,1,2,3,4,5,6,7,8,9,10,11,12,13,14,15,16,17,18,19
20	123	0,1,2,3,4,5,6,7,8,9,10,11,12,13,14,15,16,17,18,19
20	124	0,1,2,3,4,5,6,7,8,9,10,11,12,13,14,15,16,17,18,19
20	125	0,1,2,3,4,5,6,7,8,9,10,11,12,13,14,15,16,17,18,19
20	126	0,1,2,3,4,5,6,7,8,9,10,11,12,13,14,15,16,17,18,19
20	127	0,1,2,3,4,5,6,7,8,9,10,11,12,13,14,15,16,17,18,19
20	128	0,1,2,3,4,5,6,7,8,9,10,11,12,13,14,15,16,17,18,19
20	129	0,1,2,3,4,5,6,7,8,9,10,11,12,13,14,15,16,17,18,19
20	130	0,1,2,3,4,5,6,7,8,9,10,11,12,13,14,15,16,17,18,19
20	131	0,1,2,3,4,5,6,7,8,9,10,11,12,13,14,15,16,17,18,19
20	132	0,1,2,3,4,5,6,7,8,9,10,11,12,13,14,15,16,17,18,19
20	133	0,1,2,3,4,5,6,7,8,9,10,11,12,13,14,15,16,17,18,19
20	134	0,1,2,3,4,5,6,7,8,9,10,11,12,13,14,15,16,17,18,19
20	135	0,1,2,3,4,5,6,7,8,9,10,11,12,13,14,15,16,17,18,19
20	136	0,1,2,3,4,5,6,7,8,9,10,11,12,13,14,15,16,17,18,19
20	137	0,1,2,3,4,5,6,7,8,9,10,11,12,13,14,15,16,17,18,19
20	138	0,1,2,3,4,5,6,7,8,9,10,11,12,13,14,15,16,17,18,19
20	139	0,1,2,3,4,5,6,7,8,9,10,11,12,13,14,15,16,17,18,19
20	140	0,1,2,3,4,5,6,7,8,9,10,11,12,13,14,15,16,17,18,19
20	141	0,1,2,3,4,5,6,7,8,9,10,11,12,13,14,15,16,17,18,19
20	142	0,1,2,3,4,5,6,7,8,9,10,11,12,13,14,15,16,17,18,19
20	143	0,1,2,3,4,5,6,7,8,9,10,11,12,13,14,15,16,17,18,19
20	144	0,1,2,3,4,5,6,7,8,9,10,11,12,13,14,15,16,17,18,19
20	145	0,1,2,3,4,5,6,7,8,9,10,11,12,13,14,15,16,17,18,19
20	146	0,1,2,3,4,5,6,7,8,9,10,11,12,13,14,15,16,17,18,19
20	147	0,1,2,3,4,5,6,7,8,9,10,11,12,13,14,15,16,17,18,19
20	148	0,1,2,3,4,5,6,7,8,9,10,11,12,13,14,15,16,17,18,19
20	149	0,1,2,3,4,5,6,7,8,9,10,11,12,13,14,15,16,17,18,19
20	150	0,1,2,3,4,5,6,7,8,9,10,11,12,13,14,15,16,17,18,19
20	151	0,1,2,3,4,5,6,7,8,9,10,11,12,13,14,15,16,17,18,19
20	152	0,1,2,3,4,5,6,7,8,9,10,11,12,13,14,15,16,17,18,19
20	153	0,1,2,3,4,5,6,7,8,9,10,11,12,13,14,15,16,17,18,19
20	154	0,1,2,3,4,5,6,7,8,9,10,11,12,13,14,15,16,17,18,19
20	155	0,1,2,3,4,5,6,7,8,9,10,11,12,13,14,15,16,17,18,19
20	156	0,1,2,3,4,5,6,7,8,9,10,11,12,13,14,15,16,17,18,19
20	157	0,1,2,3,4,5,6,7,8,9,10,11,12,13,14,15,16,17,18,19
20	158	0,1,2,3,4,5,6,7,8,9,10,11,12,13,14,15,16,17,18,19
20	159	0,1,2,3,4,5,6,7,8,9,10,11,12,13,14,15,16,17,18,19
20	160	0,1,2,3,4,5,6,7,8,9,10,11,12,13,14,15,16,17,18,19
20	161	0,1,2,3,4,5,6,7,8,9,10,11,12,13,14,15,16,17,18,19
20	162	0,1,2,3,4,5,6,7,8,9,10,11,12,13,14,15,16,17,18,19
20	163	0,1,2,3,4,5,6,7,8,9,10,11,12,13,14,15,16,17,18,19
20	164	0,1,2,3,4,5,6,7,8,9,10,11,12,13,14,15,16,17,18,19
20	165	0,1,2,3,4,5,6,7,8,9,10,11,12,13,14,15,16,17,18,19
20	166	0,1,2,3,4,5,6,7,8,9,10,11,12,13,14,15,16,17,18,19
20	167	0,1,2,3,4,5,6,7,8,9,10,11,12,13,14,15,16,17,18,19
20	168	0,1,2,3,4,5,6,7,8,9,10,11,12,13,14,15,16,17,18,19
20	169	0,1,2,3,4,5,6,7,8,9,10,11,12,13,14,15,16,17,18,19
20	170	0,1,2,3,4,5,6,7,8,9,10,11,12,13,14,15,16,17,18,19
20	171	0,1,2,3,4,5,6,7,8,9,10,11,12,13,14,15,16,17,18,19
20	172	0,1,2,3,4,5,6,7,8,9,10,11,12,13,14,15,16,17,18,19
20	173	0,1,2,3,4,5,6,7,8,9,10,11,12,13,14,15,16,17,18,19
20	174	0,1,2,3,4,5,6,7,8,9,10,11,12,13,14,15,16,17,18,19
20	175	0,1,2,3,4,5,6,7,8,9,10,11,12,13,14,15,16,17,18,19
20	176	0,1,2,3,4,5,6,7,8,9,10,11,12,13,14,15,16,17,18,19
20	177	0,1,2,3,4,5,6,7,8,9,10,11,12,13,14,15,16,17,18,19
20	178	0,1,2,3,4,5,6,7,8,9,10,11,12,13,14,15,16,17,18,19
20	179	0,1,2,3,4,5,6,7,8,9,10,11,12,13,14,15,16,17,18,19
20	180	0,1,2,3,4,5,6,7,8,9,10,11,12,13,14,15,16,17,18,19
20	181	0,1,2,3,4,5,6,7,8,9,10,11,12,13,14,15,16,17,18,19
20	182	0,1,2,3,4,5,6,7,8,9,10,11,12,13,14,15,16,17,18,19
20	183	0,1,2,3,4,5,6,7,8,9,10,11,12,13,14,15,16,17,18,19
20	184	0,1,2,3,4,5,6,7,8,9,10,11,12,13,14,15,16,17,18,19
20	185	0,1,2,3,4,5,6,7,8,9,10,11,12,13,14,15,16,17,18,19
20	186	0,1,2,3,4,5,6,7,8,9,10,11,12,13,14,15,16,17,18,19
20	187	0,1,2,3,4,5,6,7,8,9,10,11,12,13,14,15,16,17,18,19
20	188	0,1,2,3,4,5,6,7,8,9,10,11,12,13,14,15,16,17,18,19
20	189	0,1,2,3,4,5,6,7,8,9,10,11,12,13,14,15,16,17,18,19
20	190	0,1,2,3,4,5,6,7,8,9,10,11,12,13,14,15,16,17,18,19
20	191	0,1,2,3,4,5,6,7,8,9,10,11,12,13,14,15,16,17,18,19
20	192	0,1,2,3,4,5,6,7,8,9,10,11,12,13,14,15,16,17,18,19
20	193	0,1,2,3,4,5,6,7,8,9,10,11,12,13,14,15,16,17,18,19
20	194	0,1,2,3,4,5,6,7,8,9,10,11,12,13,14,15,16,17,18,19
20	195	0,1,2,3,4,5,6,7,8,9,10,11,12,13,14,15,16,17,18,19
20	196	0,1,2,3,4,5,6,7,8,9,10,11,12,13,14,15,16,17,18,19
20	197	0,1,2,3,4,5,6,7,8,9,10,11,12,13,14,15,16,17,18,19
20	198	0,1,2,3,4,5,6,7,8,9,10,11,12,13,14,15,16,17,18,19
20	199	0,1,2,3,4,5,6,7,8,9,10,11,12,13,14,15,16,17,18,19
20	200	0,1,2,3,4,5,6,7,8,9,10,11,12,13,14,15,16,17,18,19
20	201	0,1,2,3,4,5,6,7,8,9,10,11,12,13,14,15,16,17,18,19
20	202	0,1,2,3,4,5,6,7,8,9,10,11,12,13,14,15,16,17,18,19
20	203	0,1,2,3,4,5,6,7,8,9,10,11,12,13,14,15,16,17,18,19
20	204	0,1,2,3,4,5,6,7,8,9,10,11,12,13,14,15,16,17,18,19
20	205	0,1,2,3,4,5,6,7,8,9,10,11,12,13,14,15,16,17,18,19
20	206	0,1,2,3,4,5,6,7,8,9,10,11,12,13,14,15,16,17,18,19
20	207	0,1,2,3,4,5,6,7,8,9,10,11,12,13,14,15,16,17,18,19
20	208	0,1,2,3,4,5,6,7,8,9,10,11,12,13,14,15,16,17,18,19
20	209	0,1,2,3,4,5,6,7,8,9,10,11,12,13,14,15,16,17,18,19
20	210	0,1,2,3,4,5,6,7,8,9,10,11,12,13,14,15,16,17,18,19
20	211	0,1,2,3,4,5,6,7,8,9,10,11,12,13,14,15,16,17,18,19
20	212	0,1,2,3,4,5,6,7,8,9,10,11,12,13,14,15,16,17,18,19
20	213	0,1,2,3,4,5,6,7,8,9,10,11,12,13,14,15,16,17,18,19
20	214	0,1,2,3,4,5,6,7,8,9,10,11,12,13,14,15,16,17,18,19
20	215	0,1,2,3,4,5,6,7,8,9,10,11,12,13,14,15,16,17,18,19
20	216	0,1,2,3,4,5,6,7,8,9,10,11,12,13,14,15,16,17,18,19
20	217	0,1,2,3,4,5,6,7,8,9,10,11,12,13,14,15,16,17,18,19
20	218	0,1,2,3,4,5,6,7,8,9,10,11,12,13,14,15,16,17,18,19
20	219	0,1,2,3,4,5,6,7,8,9,10,11,12,13,14,15,16,17,18,19
20	220	0,1,2,3,4,5,6,7,8,9,10,11,12,13,14,15,16,17,18,19
20	221	0,1,2,3,4,5,6,7,8,9,10,11,12,13,14,15,16,17,18,19
20	222	0,1,2,3,4,5,6,7,8,9,10,11,12,13,14,15,16,17,18,19
20	223	0,1,2,3,4,5,6,7,8,9,10,11,12,13,14,15,16,17,18,19
20	224	0,1,2,3,4,5,6,7,8,9,10,11,12,13,14,15,16,17,18,19
20	225	0,1,2,3,4,5,6,7,8,9,10,11,12,13,14,15,16,17,18,19
20	226	0,1,2,3,4,5,6,7,8,9,10,11,12,13,14,15,16,17,18,19
20	227	0,1,2,3,4,5,6,7,8,9,10,11,12,13,14,15,16,17,18,19
20	228	0,1,2,3,4,5,6,7,8,9,10,11,12,13,14,15,16,17,18,19
20	229	0,1,2,3,4,5,6,7,8,9,10,11,12,13,14,15,16,17,18,19
20	230	0,1,2,3,4,5,6,7,8,9,10,11,12,13,14,15,16,17,18,19
20	231	0,1,2,3,4,5,6,7,8,9,10,11,12,13,14,15,16,17,18,19
20	232	0,1,2,3,4,5,6,7,8,9,10,11,12,13,14,15,16,17,18,19
20	233	0,1,2,3,4,5,6,7,8,9,10,11,12,13,14,15,16,17,18,19
20	234	0,1,2,3,4,5,6,7,8,9,10,11,12,13,14,15,16,17,18,19
20	235	0,1,2,3,4,5,6,7,8,9,10,11,12,13,14,15,16,17,18,19
20	236	0,1,2,3,4,5,6,7,8,9,10,11,12,13,14,15,16,17,18,19
20	237	0,1,2,3,4,5,6,7,8,9,10,11,12,13,14,15,16,17,18,19
20	238	0,1,2,3,4,5,6,7,8,9,10,11,12,13,14,15,16,17,18,19
20	239	0,1,2,3,4,5,6,7,8,9,10,11,12,13,14,15,16,17,18,19
20	240	0,1,2,3,4,5,6,7,8,9,10,11,12,13,14,15,16,17,18,19
20	241	0,1,2,3,4,5,6,7,8,9,10,11,12,13,14,15,16,17,18,19
20	242	0,1,2,3,4,5,6,7,8,9,10,11,12,13,14,15,16,17,18,19
20	243	0,1,2,3,4,5,6,7,8,9,10,11,12,13,14,15,16,17,18,19
20	244	0,1,2,3,4,5,6,7,8,9,10,11,12,13,14,15,16,17,18,19
20	245	0,1,2,3,4,5,6,7,8,9,10,11,12,13,14,15,16,17,18,19
20	246	0,1,2,3,4,5,6,7,8,9,10,11,12,13,14,15,16,17,18,19
20	247	0,1,2,3,4,5,6,7,8,9,10,11,12,13,14,15,16,17,18,19
20	248	0,1,2,3,4,5,6,7,8,9,10,11,12,13,14,15,16,17,18,19
20	249	0,1,2,3,4,5,6,7,8,9,10,11,12,13,14,15,16,17,18,19
20	250	0,1,2,3,4,5,6,7,8,9,10,11,12,13,14,15,16,17,18,19
20	251	0,1,2,3,4,5,6,7,8,9,10,11,12,13,14,15,16,17,18,19
20	252	0,1,2,3,4,5,6,7,8,9,10,11,12,13,14,15,16,17,18,19
20	253	0,1,2,3,4,5,6,7,8,9,10,11,12,13,14,15,16,17,18,19
20	254	0,1,2,3,4,5,6,7,8,9,10,11,12,13,14,15,16,17,18,19
20	255	0,1,2,3,4,5,6,7,8,9,10,11,12,13,14,15,16,17,18,19
20	256	0,1,2,3,4,5,6,7,8,9,10,11,12,13,14,15,16,17,18,19
20	257	0,1,2,3,4,5,6,7,8,9,10,11,12,13,14,15,16,17,18,19
20	258	0,1,2,3,4,5,6,7,8,9,10,11,12,13,14,15,16,17,18,19
20	259	0,1,2,3,4,5,6,7,8,9,10,11,12,13,14,15,16,17,18,19
20	260	0,1,2,3,4,5,6,7,8,9,10,11,12,13,14,15,16,17,18,19
20	261	0,1,2,3,4,5,6,7,8,9,10,11,12,13,14,15,16,17,18,19
20	262	0,1,2,3,4,5,6,7,8,9,10,11,12,13,14,15,16,17,18,19
20	263	0,1,2,3,4,5,6,7,8,9,10,11,12,13,14,15,16,17,18,19
20	264	0,1,2,3,4,5,6,7,8,9,10,11,12,13,14,15,16,17,18,19
20	265	0,1,2,3,4,5,6,7,8,9,10,11,12,13,14,15,16,17,18,19
20	266	0,1,2,3,4,5,6,7,8,9,10,11,12,13,14,15,16,17,18,19
20	267	0,1,2,3,4,5,6,7,8,9,10,11,12,13,14,15,16,17,18,19
20	268	0,1,2,3,4,5,6,7,8,9,10,11,12,13,14,15,16,17,18,19
20	269	0,1,2,3,4,5,6,7,8,9,10,11,12,13,14,15,16,17,18,19
20	270	0,1,2,3,4,5,6,7,8,9,10,11,12,13,14,15,16,17,18,19
20	271	0,1,2,3,4,5,6,7,8,9,10,11,12,13,14,15,16,17,18,19
20	272	0,1,2,3,4,5,6,7,8,9,10,11,12,13,14,15,16,17,18,19
20	273	0,1,2,3,4,5,6,7,8,9,10,11,12,13,14,15,16,17,18,19
20	274	0,1,2,3,4,5,6,7,8,9,10,11,12,13,14,15,16,17,18,19
20	275	0,1,2,3,4,5,6,7,8,9,10,11,12,13,14,15,16,17,18,19
20	276	0,1,2,3,4,5,6,7,8,9,10,11,12,13,14,15,16,17,18,19
20	277	0,1,2,3,4,5,6,7,8,9,10,11,12,13,14,15,16,17,18,19
20	278	0,1,2,3,4,5,6,7,8,9,10,11,12,13,14,15,16,17,18,19
20	279	0,1,2,3,4,5,6,7,8,9,10,11,12,13,14,15,16,17,18,19
20	280	0,1,2,3,4,5,6,7,8,9,10,11,12,13,14,15,16,17,18,19
20	281	0,1,2,3,4,5,6,7,8,9,10,11,12,13,14,15,16,17,18,19
20	282	0,1,2,3,4,5,6,7,8,9,10,11,12,13,14,15,16,17,18,19
20	283	0,1,2,3,4,5,6,7,8,9,10,11,12,13,14,15,16,17,18,19
20	284	0,1,2,3,4,5,6,7,8,9,10,11,12,13,14,15,16,17,18,19
20	285	0,1,2,3,4,5,6,7,8,9,10,11,12,13,14,15,16,17,18,19
20	286	0,1,2,3,4,5,6,7,8,9,10,11,12,13,14,15,16,17,18,19
20	287	0,1,2,3,4,5,6,7,8,9,10,11,12,13,14,15,16,17,18,19
20	288	0,1,2,3,4,5,6,7,8,9,10,11,12,13,14,15,16,17,18,19
20	289	0,1,2,3,4,5,6,7,8,9,10,11,12,13,14,15,16,17,18,19
20	290	0,1,2,3,4,5,6,7,8,9,10,11,12,13,14,15,16,17,18,19
20	291	0,1,2,3,4,5,6,7,8,9,10,11,12,13,14,15,16,17,18,19
20	292	0,1,2,3,4,5,6,7,8,9,10,11,12,13,14,15,16,17,18,19
20	293	0,1,2,3,4,5,6,7,8,9,10,11,12,13,14,15,16,17,18,19
20	294	0,1,2,3,4,5,6,7,8,9,10,11,12,13,14,15,16,17,18,19
20	295	0,1,2,3,4,5,6,7,8,9,10,11,12,13,14,15,16,17,18,19
20	296	0,1,2,3,4,5,6,7,8,9,10,11,12,13,14,15,16,17,18,19
20	297	0,1,2,3,4,5,6,7,8,9,10,11,12,13,14,15,16,17,18,19
20	298	0,1,2,3,4,5,6,7,8,9,10,11,12,13,14,15,16,17,18,19
20	299	0,1,2,3,4,5,6,7,8,9,10,11,12,13,14,15,16,17,18,19
20	300	0,1,2,3,4,5,6,7,8,9,10,11,12,13,14,15,16,17,18,19
20	301	0,1,2,3,4,5,6,7,8,9,10,11,12,13,14,15,16,17,18,19
20	302	0,1,2,3,4,5,6,7,8,9,10,11,12,13,14,15,16,17,18,19
20	303	0,1,2,3,4,5,6,7,8,9,10,11,12,13,14,15,16,17,18,19
20	304	0,1,2,3,4,5,6,7,8,9,10,11,12,13,14,15,16,17,18,19
20	305	0,1,2,3,4,5,6,7,8,9,10,11,12,13,14,15,16,17,18,19
20	306	0,1,2,3,4,5,6,7,8,9,10,11,12,13,14,15,16,17,18,19
20	307	0,1,2,3,4,5,6,7,8,9,10,11,12,13,14,15,16,17,18,19
20	308	0,1,2,3,4,5,6,7,8,9,10,11,12,13,14,15,16,17,18,19
20	309	0,1,2,3,4,5,6,7,8,9,10,11,12,13,14,15,16,17,18,19
20	310	0,1,2,3,4,5,6,7,8,9,10,11,12,13,14,15,16,17,18,19
20	311	0,1,2,3,4,5,6,7,8,9,10,11,12,13,14,15,16,17,18,19
20	312	0,1,2,3,4,5,6,7,8,9,10,11,12,13,14,15,16,17,18,19
20	313	0,1,2,3,4,5,6,7,8,9,10,11,12,13,14,15,16,17,18,19
20	314	0,1,2,3,4,5,6,7,8,9,10,11,12,13,14,15,16,17,18,19
20	315	0,1,2,3,4,5,6,7,8,9,10,11,12,13,14,15,16,17,18,19
20	316	0,1,2,3,4,5,6,7,8,9,10,11,12,13,14,15,16,17,18,19
20	317	0,1,2,3,4,5,6,7,8,9,10,11,12,13,14,15,16,17,18,19
20	318	0,1,2,3,4,5,6,7,8,9,10,11,12,13,14,15,16,17,18,19
20	319	0,1,2,3,4,5,6,7,8,9,10,11,12,13,14,15,16,17,18,19
20	320	0,1,2,3,4,5,6,7,8,9,10,11,12,13,14,15,16,17,18,19
20	321	0,1,2,3,4,5,6,7,8,9,10,11,12,13,14,15,16,17,18,19
20	322	0,1,2,3,4,5,6,7,8,9,10,11,12,13,14,15,16,17,18,19
20	323	0,1,2,3,4,5,6,7,8,9,10,11,12,13,14,15,16,17,18,19
20	324	0,1,2,3,4,5,6,7,8,9,10,11,12,13,14,15,16,17,18,19
20	325	0,1,2,3,4,5,6,7,8,9,10,11,12,13,14,15,16,17,18,19
20	326	0,1,2,3,4,5,6,7,8,9,10,11,12,13,14,15,16,17,18,19
20	327	0,1,2,3,4,5,6,7,8,9,10,11,12,13,14,15,16,17,18,19
20	328	0,1,2,3,4,5,6,7,8,9,10,11,12,13,14,15,16,17,18,19
20	329	0,1,2,3,4,5,6,7,8,9,10,11,12,13,14,15,16,17,18,19
20	330	0,1,2,3,4,5,6,7,8,9,10,11,12,13,14,15,16,17,18,19
20	331	0,1,2,3,4,5,6,7,8,9,10,11,12,13,14,15,16,17,18,19
20	332	0,1,2,3,4,5,6,7,8,9,10,11,12,13,14,15,16,17,18,19
20	333	0,1,2,3,4,5,6,7,8,9,10,11,12,13,14,15,16,17,18,19
20	334	0,1,2,3,4,5,6,7,8,9,10,11,12,13,14,15,16,17,18,19
20	335	0,1,2,3,4,5,6,7,8,9,10,11,12,13,14,15,16,17,18,19
20	336	0,1,2,3,4,5,6,7,8,9,10,11,12,13,14,15,16,17,18,19
20	337	0,1,2,3,4,5,6,7,8,9,10,11,12,13,14,15,16,17,18,19
20	338	0,1,2,3,4,5,6,7,8,9,10,11,12,13,14,15,16,17,18,19
20	339	0,1,2,3,4,5,6,7,8,9,10,11,12,13,14,15,16,17,18,19
20	340	0,1,2,3,4,5,6,7,8,9,10,11,12,13,14,15,16,17,18,19
20	341	0,1,2,3,4,5,6,7,8,9,10,11,12,13,14,15,16,17,18,19
20	342	0,1,2,3,4,5,6,7,8,9,10,11,12,13,14,15,16,17,18,19
20	343	0,1,2,3,4,5,6,7,8,9,10,11,12,13,14,15,16,17,18,19
20	344	0,1,2,3,4,5,6,7,8,9,10,11,12,13,14,15,16,17,18,19
20	345	0,1,2,3,4,5,6,7,8,9,10,11,12,13,14,15,16,17,18,19
20	346	0,1,2,3,4,5,6,7,8,9,10,11,12,13,14,15,16,17,18,19
20	347	0,1,2,3,4,5,6,7,8,9,10,11,12,13,14,15,16,17,18,19
20	348	0,1,2,3,4,5,6,7,8,9,10,11,12,13,14,15,16,17,18,19
20	349	0,1,2,3,4,5,6,7,8,9,10,11,12,13,14,15,16,17,18,19
20	350	0,1,2,3,4,5,6,7,8,9,10,11,12,13,14,15,16,17,18,19
20	351	0,1,2,3,4,5,6,7,8,9,10,11,12,13,14,15,16,17,18,19
20	352	0,1,2,3,4,5,6,7,8,9,10,11,12,13,14,15,16,17,18,19
20	353	0,1,2,3,4,5,6,7,8,9,10,11,12,13,14,15,16,17,18,19
20	354	0,1,2,3,4,5,6,7,8,9,10,11,12,13,14,15,16,17,18,19
20	355	0,1,2,3,4,5,6,7,8,9,10,11,12,13,14,15,16,17,18,19
20	356	0,1,2,3,4,5,6,7,8,9,10,11,12,13,14,15,16,17,18,19
20	357	0,1,2,3,4,5,6,7,8,9,10,11,12,13,14,15,16,17,18,19
20	358	0,1,2,3,4,5,6,7,8,9,10,11,12,13,14,15,16,17,18,19
20	359	0,1,2,3,4,5,6,7,8,9,10,11,12,13,14,15,16,17,18,19
20	360	0,1,2,3,4,5,6,7,8,9,10,11,12,13,14,15,16,17,18,19
20	361	0,1,2,3,4,5,6,7,8,9,10,11,12,13,14,15,16,17,18,19
20	362	0,1,2,3,4,5,6,7,8,9,10,11,12,13,14,15,16,17,18,19
20	363	0,1,2,3,4,5,6,7,8,9,10,11,12,13,14,15,16,17,18,19
20	364	0,1,2,3,4,5,6,7,8,9,10,11,12,13,14,15,16,17,18,19
20	365	0,1,2,3,4,5,6,7,8,9,10,11,12,13,14,15,16,17,18,19
20	366	0,1,2,3,4,5,6,7,8,9,10,11,12,13,14,15,16,17,18,19
20	367	0,1,2,3,4,5,6,7,8,9,10,11,12,13,14,15,16,17,18,19
20	368	0,1,2,3,4,5,6,7,8,9,10,11,12,13,14,15,16,17,18,19
20	369	0,1,2,3,4,5,6,7,8,9,10,11,12,13,14,15,16,17,18,19
20	370	0,1,2,3,4,5,6,7,8,9,10,11,12,13,14,15,16,17,18,19
20	371	0,1,2,3,4,5,6,7,8,9,10,11,12,13,14,15,16,17,18,19
20	372	0,1,2,3,4,5,6,7,8,9,10,11,12,13,14,15,16,17,18,19
20	373	0,1,2,3,4,5,6,7,8,9,10,11,12,13,14,15,16,17,18,19
20	374	0,1,2,3,4,5,6,7,8,9,10,11,12,13,14,15,16,17,18,19
20	375	0,1,2,3,4,5,6,7,8,9,10,11,12,13,14,15,16,17,18,19
20	376	0,1,2,3,4,5,6,7,8,9,10,11,12,13,14,15,16,17,18,19
20	377	0,1,2,3,4,5,6,7,8,9,10,11,12,13,14,15,16,17,18,19
20	378	0,1,2,3,4,5,6,7,8,9,10,11,12,13,14,15,16,17,18,19
20	379	0,1,2,3,4,5,6,7,8,9,10,11,12,13,14,15,16,17,18,19
20	380	0,1,2,3,4,5,6,7,8,9,10,11,12,13,14,15,16,17,18,19
20	381	0,1,2,3,4,5,6,7,8,9,10,11,12,13,14,15,16,17,18,19
20	382	0,1,2,3,4,5,6,7,8,9,10,11,12,13,14,15,16,17,18,19
20	383	0,1,2,3,4,5,6,7,8,9,10,11,12,13,14,15,16,17,18,19
20	384	0,1,2,3,4,5,6,7,8,9,10,11,12,13,14,15,16,17,18,19
20	385	0,1,2,3,4,5,6,7,8,9,10,11,12,13,14,15,16,17,18,19
20	386	0,1,2,3,4,5,6,7,8,9,10,11,12,13,14,15,16,17,18,19
20	387	0,1,2,3,4,5,6,7,8,9,10,11,12,13,14,15,16,17,18,19
20	388	0,1,2,3,4,5,6,7,8,9,10,11,12,13,14,15,16,17,18,19
20	389	0,1,2,3,4,5,6,7,8,9,10,11,12,13,14,15,16,17,18,19
20	390	0,1,2,3,4,5,6,7,8,9,10,11,12,13,14,15,16,17,18,19
20	391	0,1,2,3,4,5,6,7,8,9,10,11,12,13,14,15,16,17,18,19
20	392	0,1,2,3,4,5,6,7,8,9,10,11,12,13,14,15,16,17,18,19
20	393	0,1,2,3,4,5,6,7,8,9,10,11,12,13,14,15,16,17,18,19
20	394	0,1,2,3,4,5,6,7,8,9,10,11,12,13,14,15,16,17,18,19
20	395	0,1,2,3,4,5,6,7,8,9,10,11,12,13,14,15,16,17,18,19
20	396	0,1,2,3,4,5,6,7,8,9,10,11,12,13,14,15,16,17,18,19
20	397	0,1,2,3,4,5,6,7,8,9,10,11,12,13,14,15,16,17,18,19
20	398	0,1,2,3,4,5,6,7,8,9,10,11,12,13,14,15,16,17,18,19
20	399	0,1,2,3,4,5,6,7,8,9,10,11,12,13,14,15,16,17,18,19
20	400	0,1,2,3,4,5,6,7,8,9,10,11,12,13,14,15,16,17,18,19
20	401	0,1,2,3,4,5,6,7,8,9,10,11,12,13,14,15,16,17,18,19
20	402	0,1,2,3,4,5,6,7,8,9,10,11,12,13,14,15,16,17,18,19
20	403	0,1,2,3,4,5,6,7,8,9,10,11,12,13,14,15,16,17,18,19
20	404	0,1,2,3,4,5,6,7,8,9,10,11,12,13,14,15,16,17,18,19
20	405	0,1,2,3,4,5,6,7,8,9,10,11,12,13,14,15,16,17,18,19
20	406	0,1,2,3,4,5,6,7,8,9,10,11,12,13,14,15,16,17,18,19
20	407	0,1,2,3,4,5,6,7,8,9,10,11,12,13,14,15,16,17,18,19
20	408	0,1,2,3,4,5,6,7,8,9,10,11,12,13,14,15,16,17,18,19
20	409	0,1,2,3,4,5,6,7,8,9,10,11,12,13,14,15,16,17,18,19
20	410	0,1,2,3,4,5,6,7,8,9,10,11,12,13,14,15,16,17,18,19
20	411	0,1,2,3,4,5,6,7,8,9,10,11,12,13,14,15,16,17,18,19
20	412	0,1,2,3,4,5,6,7,8,9,10,11,12,13,14,15,16,17,18,19
20	413	0,1,2,3,4,5,6,7,8,9,10,11,12,13,14,15,16,17,18,19
20	414	0,1,2,3,4,5,6,7,8,9,10,11,12,13,14,15,16,17,18,19
20	415	0,1,2,3,4,5,6,7,8,9,10,11,12,13,14,15,16,17,18,19
20	416	0,1,2,3,4,5,6,7,8,9,10,11,12,13,14,15,16,17,18,19
20	417	0,1,2,3,4,5,6,7,8,9,10,11,12,13,14,15,16,17,18,19
20	418	0,1,2,3,4,5,6,7,8,9,10,11,12,13,14,15,16,17,18,19
20	419	0,1,2,3,4,5,6,7,8,9,10,11,12,13,14,15,16,17,18,19
20	420	0,1,2,3,4,5,6,7,8,9,10,11,12,13,14,15,16,17,18,19
20	421	0,1,2,3,4,5,6,7,8,9,10,11,12,13,14,15,16,17,18,19
20	422	0,1,2,3,4,5,6,7,8,9,10,11,12,13,14,15,16,17,18,19
20	423	0,1,2,3,4,5,6,7,8,9,10,11,12,13,14,15,16,17,18,19
20	424	0,1,2,3,4,5,6,7,8,9,10,11,12,13,14,15,16,17,18,19
20	425	0,1,2,3,4,5,6,7,8,9,10,11,12,13,14,15,16,17,18,19
20	426	0,1,2,3,4,5,6,7,8,9,10,11,12,13,14,15,16,17,18,19
20	427	0,1,2,3,4,5,6,7,8,9,10,11,12,13,14,15,16,17,18,19
20	428	0,1,2,3,4,5,6,7,8,9,10,11,12,13,14,15,16,17,18,19
20	429	0,1,2,3,4,5,6,7,8,9,10,11,12,13,14,15,16,17,18,19
20	430	0,1,2,3,4,5,6,7,8,9,10,11,12,13,14,15,16,17,18,19
20	431	0,1,2,3,4,5,6,7,8,9,10,11,12,13,14,15,16,17,18,19
20	432	0,1,2,3,4,5,6,7,8,9,10,11,12,13,14,15,16,17,18,19
20	433	0,1,2,3,4,5,6,7,8,9,10,11,12,13,14,15,16,17,18,19
20	434	0,1,2,3,4,5,6,7,8,9,10,11,12,13,14,15,16,17,18,19
20	435	0,1,2,3,4,5,6,7,8,9,10,11,12,13,14,15,16,17,18,19
20	436	0,1,2,3,4,5,6,7,8,9,10,11,12,13,14,15,16,17,18,19
20	437	0,1,2,3,4,5,6,7,8,9,10,11,12,13,14,15,16,17,18,19
20	438	0,1,2,3,4,5,6,7,8,9,10,11,12,13,14,15,16,17,18,19
20	439	0,1,2,3,4,5,6,7,8,9,10,11,12,13,14,15,16,17,18,19
20	440	0,1,2,3,4,5,6,7,8,9,10,11,12,13,14,15,16,17,18,19
20	441	0,1,2,3,4,5,6,7,8,9,10,11,12,13,14,15,16,17,18,19
20	442	0,1,2,3,4,5,6,7,8,9,10,11,12,13,14,15,16,17,18,19
20	443	0,1,2,3,4,5,6,7,8,9,10,11,12,13,14,15,16,17,18,19
20	444	0,1,2,3,4,5,6,7,8,9,10,11,12,13,14,15,16,17,18,19
20	445	0,1,2,3,4,5,6,7,8,9,10,11,12,13,14,15,16,17,18,19
20	446	0,1,2,3,4,5,6,7,8,9,10,11,12,13,14,15,16,17,18,19
20	447	0,1,2,3,4,5,6,7,8,9,10,11,12,13,14,15,16,17,18,19
20	448	0,1,2,3,4,5,6,7,8,9,10,11,12,13,14,15,16,17,18,19
20	449	0,1,2,3,4,5,6,7,8,9,10,11,12,13,14,15,16,17,18,19
20	450	0,1,2,3,4,5,6,7,8,9,10,11,12,13,14,15,16,17,18,19
20	451	0,1,2,3,4,5,6,7,8,9,10,11,12,13,14,15,16,17,18,19
20	452	0,1,2,3,4,5,6,7,8,9,10,11,12,13,14,15,16,17,18,19
20	453	0,1,2,3,4,5,6,7,8,9,10,11,12,13,14,15,16,17,18,19
20	454	0,1,2,3,4,5,6,7,8,9,10,11,12,13,14,15,16,17,18,19
20	455	0,1,2,3,4,5,6,7,8,9,10,11,12,13,14,15,16,17,18,19
20	456	0,1,2,3,4,5,6,7,8,9,10,11,12,13,14,15,16,17,18,19
20	457	0,1,2,3,4,5,6,7,8,9,10,11,12,13,14,15,16,17,18,19
20	458	0,1,2,3,4,5,6,7,8,9,10,11,12,13,14,15,16,17,18,19
20	459	0,1,2,3,4,5,6,7,8,9,10,11,12,13,14,15,16,17,18,19
20	460	0,1,2,3,4,5,6,7,8,9,10,11,12,13,14,15,16,17,18,19
20	461	0,1,2,3,4,5,6,7,8,9,10,11,12,13,14,15,16,17,18,19
20	462	0,1,2,3,4,5,6,7,8,9,10,11,12,13,14,15,16,17,18,19
20	463	0,1,2,3,4,5,6,7,8,9,10,11,12,13,14,15,16,17,18,19
20	464	0,1,2,3,4,5,6,7,8,9,10,11,12,13,14,15,16,17,18,19
20	465	0,1,2,3,4,5,6,7,8,9,10,11,12,13,14,15,16,17,18,19
20	466	0,1,2,3,4,5,6,7,8,9,10,11,12,13,14,15,16,17,18,19
20	467	0,1,2,3,4,5,6,7,8,9,10,11,12,13,14,15,16,17,18,19
20	468	0,1,2,3,4,5,6,7,8,9,10,11,12,13,14,15,16,17,18,19
20	469	0,1,2,3,4,5,6,7,8,9,10,11,12,13,14,15,16,17,18,19
20	470	0,1,2,3,4,5,6,7,8,9,10,11,12,13,14,15,16,17,18,19
20	471	0,1,2,3,4,5,6,7,8,9,10,11,12,13,14,15,16,17,18,19
20	472	0,1,2,3,4,5,6,7,8,9,10,11,12,13,14,15,16,17,18,19
20	473	0,1,2,3,4,5,6,7,8,9,10,11,12,13,14,15,16,17,18,19
20	474	0,1,2,3,4,5,6,7,8,9,10,11,12,13,14,15,16,17,18,19
20	475	0,1,2,3,4,5,6,7,8,9,10,11,12,13,14,15,16,17,18,19
20	476	0,1,2,3,4,5,6,7,8,9,10,11,12,13,14,15,16,17,18,19
20	477	0,1,2,3,4,5,6,7,8,9,10,11,12,13,14,15,16,17,18,19
20	478	0,1,2,3,4,5,6,7,8,9,10,11,12,13,14,15,16,17,18,19
20	479	0,1,2,3,4,5,6,7,8,9,10,11,12,13,14,15,16,17,18,19
